NaCl
74.62 74.62 74.62
90 90 90
2501
0.000000 0.000000 0.071429 1.00
0.000000 0.071429 0.000000 1.00
0.071429 0.000000 0.000000 1.00
0.000000 0.000000 0.000000 -1.00
0.071429 0.071429 0.000000 -1.00
0.071429 0.000000 0.071429 -1.00
0.000000 0.071429 0.071429 -1.00
0.071429 0.071429 0.214286 1.00
0.000000 0.000000 0.214286 1.00
0.000000 0.071429 0.142857 1.00
0.071429 0.000000 0.142857 1.00
0.000000 0.000000 0.142857 -1.00
0.071429 0.071429 0.142857 -1.00
0.071429 0.000000 0.214286 -1.00
0.000000 0.071429 0.214286 -1.00
0.071429 0.071429 0.357143 1.00
0.000000 0.000000 0.357143 1.00
0.000000 0.071429 0.285714 1.00
0.071429 0.000000 0.285714 1.00
0.000000 0.000000 0.285714 -1.00
0.071429 0.071429 0.285714 -1.00
0.071429 0.000000 0.357143 -1.00
0.000000 0.071429 0.357143 -1.00
0.071429 0.071429 0.500000 1.00
0.000000 0.000000 0.500000 1.00
0.000000 0.071429 0.428571 1.00
0.071429 0.000000 0.428571 1.00
0.000000 0.000000 0.428571 -1.00
0.071429 0.071429 0.428571 -1.00
0.071429 0.000000 0.500000 -1.00
0.000000 0.071429 0.500000 -1.00
0.071429 0.071429 0.642857 1.00
0.000000 0.000000 0.642857 1.00
0.000000 0.071429 0.571429 1.00
0.071429 0.000000 0.571429 1.00
0.000000 0.000000 0.571429 -1.00
0.071429 0.071429 0.571429 -1.00
0.071429 0.000000 0.642857 -1.00
0.000000 0.071429 0.642857 -1.00
0.071429 0.071429 0.785714 1.00
0.000000 0.000000 0.785714 1.00
0.000000 0.071429 0.714286 1.00
0.071429 0.000000 0.714286 1.00
0.000000 0.000000 0.714286 -1.00
0.071429 0.071429 0.714286 -1.00
0.071429 0.000000 0.785714 -1.00
0.000000 0.071429 0.785714 -1.00
0.071429 0.071429 0.928571 1.00
0.000000 0.000000 0.928571 1.00
0.071429 0.000000 0.928571 -1.00
0.000000 0.071429 0.928571 -1.00
0.071429 0.214286 0.071429 1.00
0.000000 0.142857 0.071429 1.00
0.000000 0.142857 0.000000 -1.00
0.071429 0.214286 0.000000 -1.00
0.071429 0.142857 0.071429 -1.00
0.000000 0.214286 0.071429 -1.00
0.071429 0.214286 0.214286 1.00
0.000000 0.142857 0.214286 1.00
0.000000 0.214286 0.142857 1.00
0.071429 0.142857 0.142857 1.00
0.000000 0.142857 0.142857 -1.00
0.071429 0.214286 0.142857 -1.00
0.071429 0.142857 0.214286 -1.00
0.000000 0.214286 0.214286 -1.00
0.071429 0.214286 0.357143 1.00
0.000000 0.142857 0.357143 1.00
0.000000 0.214286 0.285714 1.00
0.071429 0.142857 0.285714 1.00
0.000000 0.142857 0.285714 -1.00
0.071429 0.214286 0.285714 -1.00
0.071429 0.142857 0.357143 -1.00
0.000000 0.214286 0.357143 -1.00
0.071429 0.214286 0.500000 1.00
0.000000 0.142857 0.500000 1.00
0.000000 0.214286 0.428571 1.00
0.071429 0.142857 0.428571 1.00
0.000000 0.142857 0.428571 -1.00
0.071429 0.214286 0.428571 -1.00
0.071429 0.142857 0.500000 -1.00
0.000000 0.214286 0.500000 -1.00
0.071429 0.214286 0.642857 1.00
0.000000 0.142857 0.642857 1.00
0.000000 0.214286 0.571429 1.00
0.071429 0.142857 0.571429 1.00
0.000000 0.142857 0.571429 -1.00
0.071429 0.214286 0.571429 -1.00
0.000000 0.214286 0.714286 1.00
0.071429 0.142857 0.714286 1.00
0.000000 0.142857 0.714286 -1.00
0.071429 0.214286 0.714286 -1.00
0.071429 0.142857 0.785714 -1.00
0.000000 0.214286 0.785714 -1.00
0.071429 0.214286 0.928571 1.00
0.000000 0.142857 0.928571 1.00
0.000000 0.214286 0.857143 1.00
0.071429 0.142857 0.857143 1.00
0.000000 0.142857 0.857143 -1.00
0.071429 0.214286 0.857143 -1.00
0.071429 0.142857 0.928571 -1.00
0.000000 0.214286 0.928571 -1.00
0.071429 0.357143 0.071429 1.00
0.000000 0.285714 0.071429 1.00
0.000000 0.357143 0.000000 1.00
0.071429 0.285714 0.000000 1.00
0.000000 0.285714 0.000000 -1.00
0.071429 0.357143 0.000000 -1.00
0.071429 0.285714 0.071429 -1.00
0.000000 0.357143 0.071429 -1.00
0.071429 0.357143 0.214286 1.00
0.000000 0.285714 0.214286 1.00
0.000000 0.357143 0.142857 1.00
0.071429 0.285714 0.142857 1.00
0.000000 0.285714 0.142857 -1.00
0.071429 0.357143 0.142857 -1.00
0.071429 0.285714 0.214286 -1.00
0.000000 0.357143 0.214286 -1.00
0.071429 0.357143 0.357143 1.00
0.000000 0.285714 0.357143 1.00
0.000000 0.357143 0.285714 1.00
0.071429 0.285714 0.285714 1.00
0.000000 0.285714 0.285714 -1.00
0.071429 0.357143 0.285714 -1.00
0.071429 0.285714 0.357143 -1.00
0.000000 0.357143 0.357143 -1.00
0.071429 0.357143 0.500000 1.00
0.000000 0.285714 0.500000 1.00
0.000000 0.357143 0.428571 1.00
0.071429 0.285714 0.428571 1.00
0.000000 0.285714 0.428571 -1.00
0.071429 0.357143 0.428571 -1.00
0.071429 0.285714 0.500000 -1.00
0.000000 0.357143 0.500000 -1.00
0.071429 0.357143 0.642857 1.00
0.000000 0.285714 0.642857 1.00
0.000000 0.357143 0.571429 1.00
0.071429 0.285714 0.571429 1.00
0.000000 0.285714 0.571429 -1.00
0.071429 0.357143 0.785714 1.00
0.000000 0.285714 0.785714 1.00
0.000000 0.357143 0.714286 1.00
0.071429 0.285714 0.714286 1.00
0.000000 0.285714 0.714286 -1.00
0.071429 0.357143 0.714286 -1.00
0.071429 0.285714 0.785714 -1.00
0.000000 0.357143 0.785714 -1.00
0.071429 0.500000 0.071429 1.00
0.000000 0.428571 0.071429 1.00
0.000000 0.500000 0.000000 1.00
0.071429 0.428571 0.000000 1.00
0.000000 0.428571 0.000000 -1.00
0.071429 0.500000 0.000000 -1.00
0.071429 0.428571 0.071429 -1.00
0.000000 0.500000 0.071429 -1.00
0.071429 0.500000 0.214286 1.00
0.000000 0.428571 0.214286 1.00
0.000000 0.500000 0.142857 1.00
0.071429 0.428571 0.142857 1.00
0.000000 0.428571 0.142857 -1.00
0.071429 0.500000 0.142857 -1.00
0.071429 0.428571 0.214286 -1.00
0.000000 0.500000 0.214286 -1.00
0.071429 0.500000 0.357143 1.00
0.000000 0.428571 0.357143 1.00
0.000000 0.500000 0.285714 1.00
0.071429 0.428571 0.285714 1.00
0.000000 0.428571 0.285714 -1.00
0.071429 0.500000 0.285714 -1.00
0.071429 0.428571 0.357143 -1.00
0.000000 0.500000 0.357143 -1.00
0.071429 0.500000 0.500000 1.00
0.000000 0.428571 0.500000 1.00
0.000000 0.500000 0.428571 1.00
0.071429 0.428571 0.428571 1.00
0.000000 0.428571 0.428571 -1.00
0.071429 0.500000 0.428571 -1.00
0.071429 0.428571 0.500000 -1.00
0.000000 0.500000 0.500000 -1.00
0.071429 0.500000 0.642857 1.00
0.000000 0.428571 0.642857 1.00
0.000000 0.500000 0.571429 1.00
0.071429 0.428571 0.571429 1.00
0.000000 0.428571 0.571429 -1.00
0.071429 0.500000 0.571429 -1.00
0.071429 0.428571 0.642857 -1.00
0.000000 0.500000 0.642857 -1.00
0.071429 0.500000 0.785714 1.00
0.000000 0.428571 0.785714 1.00
0.000000 0.500000 0.714286 1.00
0.071429 0.428571 0.714286 1.00
0.000000 0.428571 0.714286 -1.00
0.071429 0.500000 0.714286 -1.00
0.071429 0.428571 0.785714 -1.00
0.000000 0.500000 0.785714 -1.00
0.071429 0.500000 0.928571 1.00
0.000000 0.428571 0.928571 1.00
0.000000 0.500000 0.857143 1.00
0.071429 0.428571 0.857143 1.00
0.000000 0.428571 0.857143 -1.00
0.071429 0.500000 0.857143 -1.00
0.071429 0.428571 0.928571 -1.00
0.000000 0.500000 0.928571 -1.00
0.071429 0.642857 0.071429 1.00
0.000000 0.571429 0.071429 1.00
0.000000 0.642857 0.000000 1.00
0.071429 0.571429 0.000000 1.00
0.000000 0.571429 0.000000 -1.00
0.071429 0.642857 0.000000 -1.00
0.071429 0.571429 0.071429 -1.00
0.000000 0.642857 0.071429 -1.00
0.071429 0.642857 0.214286 1.00
0.000000 0.571429 0.214286 1.00
0.000000 0.642857 0.142857 1.00
0.071429 0.571429 0.142857 1.00
0.000000 0.571429 0.142857 -1.00
0.071429 0.642857 0.142857 -1.00
0.071429 0.571429 0.214286 -1.00
0.000000 0.642857 0.214286 -1.00
0.071429 0.642857 0.357143 1.00
0.000000 0.571429 0.357143 1.00
0.000000 0.642857 0.285714 1.00
0.071429 0.571429 0.285714 1.00
0.000000 0.571429 0.285714 -1.00
0.071429 0.642857 0.285714 -1.00
0.071429 0.571429 0.357143 -1.00
0.000000 0.642857 0.357143 -1.00
0.071429 0.642857 0.500000 1.00
0.000000 0.571429 0.500000 1.00
0.000000 0.642857 0.428571 1.00
0.071429 0.571429 0.428571 1.00
0.000000 0.571429 0.428571 -1.00
0.071429 0.642857 0.428571 -1.00
0.071429 0.571429 0.500000 -1.00
0.000000 0.642857 0.500000 -1.00
0.071429 0.642857 0.642857 1.00
0.000000 0.571429 0.642857 1.00
0.000000 0.642857 0.571429 1.00
0.071429 0.571429 0.571429 1.00
0.000000 0.571429 0.571429 -1.00
0.071429 0.642857 0.571429 -1.00
0.071429 0.571429 0.642857 -1.00
0.000000 0.642857 0.642857 -1.00
0.071429 0.642857 0.785714 1.00
0.000000 0.571429 0.785714 1.00
0.000000 0.642857 0.714286 1.00
0.071429 0.571429 0.714286 1.00
0.000000 0.571429 0.714286 -1.00
0.071429 0.642857 0.714286 -1.00
0.071429 0.571429 0.785714 -1.00
0.000000 0.642857 0.785714 -1.00
0.071429 0.642857 0.928571 1.00
0.000000 0.571429 0.928571 1.00
0.000000 0.642857 0.857143 1.00
0.071429 0.571429 0.857143 1.00
0.000000 0.571429 0.857143 -1.00
0.071429 0.642857 0.857143 -1.00
0.071429 0.571429 0.928571 -1.00
0.000000 0.642857 0.928571 -1.00
0.071429 0.785714 0.071429 1.00
0.000000 0.714286 0.071429 1.00
0.000000 0.785714 0.000000 1.00
0.071429 0.714286 0.000000 1.00
0.000000 0.714286 0.000000 -1.00
0.071429 0.785714 0.000000 -1.00
0.071429 0.714286 0.071429 -1.00
0.000000 0.785714 0.071429 -1.00
0.071429 0.785714 0.214286 1.00
0.000000 0.714286 0.214286 1.00
0.071429 0.714286 0.214286 -1.00
0.000000 0.785714 0.214286 -1.00
0.071429 0.785714 0.357143 1.00
0.000000 0.714286 0.357143 1.00
0.000000 0.785714 0.285714 1.00
0.071429 0.714286 0.285714 1.00
0.000000 0.714286 0.285714 -1.00
0.071429 0.785714 0.285714 -1.00
0.071429 0.714286 0.357143 -1.00
0.000000 0.785714 0.357143 -1.00
0.071429 0.785714 0.500000 1.00
0.000000 0.714286 0.500000 1.00
0.000000 0.785714 0.428571 1.00
0.071429 0.714286 0.428571 1.00
0.000000 0.714286 0.428571 -1.00
0.071429 0.785714 0.428571 -1.00
0.071429 0.714286 0.500000 -1.00
0.000000 0.785714 0.500000 -1.00
0.071429 0.785714 0.642857 1.00
0.000000 0.714286 0.642857 1.00
0.000000 0.785714 0.571429 1.00
0.071429 0.714286 0.571429 1.00
0.000000 0.714286 0.571429 -1.00
0.071429 0.785714 0.571429 -1.00
0.071429 0.714286 0.642857 -1.00
0.000000 0.785714 0.642857 -1.00
0.071429 0.785714 0.785714 1.00
0.000000 0.714286 0.785714 1.00
0.000000 0.785714 0.714286 1.00
0.071429 0.714286 0.714286 1.00
0.000000 0.714286 0.714286 -1.00
0.071429 0.785714 0.714286 -1.00
0.071429 0.714286 0.785714 -1.00
0.000000 0.785714 0.785714 -1.00
0.071429 0.785714 0.928571 1.00
0.000000 0.714286 0.928571 1.00
0.000000 0.785714 0.857143 1.00
0.071429 0.714286 0.857143 1.00
0.000000 0.714286 0.857143 -1.00
0.071429 0.785714 0.857143 -1.00
0.071429 0.714286 0.928571 -1.00
0.000000 0.785714 0.928571 -1.00
0.071429 0.928571 0.071429 1.00
0.000000 0.857143 0.071429 1.00
0.000000 0.928571 0.000000 1.00
0.071429 0.857143 0.000000 1.00
0.000000 0.857143 0.000000 -1.00
0.071429 0.928571 0.000000 -1.00
0.071429 0.857143 0.071429 -1.00
0.000000 0.928571 0.071429 -1.00
0.071429 0.928571 0.214286 1.00
0.000000 0.857143 0.214286 1.00
0.000000 0.928571 0.142857 1.00
0.071429 0.857143 0.142857 1.00
0.000000 0.857143 0.142857 -1.00
0.071429 0.928571 0.142857 -1.00
0.071429 0.857143 0.214286 -1.00
0.000000 0.928571 0.214286 -1.00
0.071429 0.928571 0.357143 1.00
0.000000 0.857143 0.357143 1.00
0.000000 0.928571 0.285714 1.00
0.071429 0.857143 0.285714 1.00
0.000000 0.857143 0.285714 -1.00
0.071429 0.928571 0.285714 -1.00
0.071429 0.857143 0.357143 -1.00
0.000000 0.928571 0.357143 -1.00
0.071429 0.928571 0.500000 1.00
0.000000 0.857143 0.500000 1.00
0.000000 0.928571 0.428571 1.00
0.071429 0.857143 0.428571 1.00
0.000000 0.857143 0.428571 -1.00
0.071429 0.928571 0.428571 -1.00
0.071429 0.857143 0.500000 -1.00
0.000000 0.928571 0.500000 -1.00
0.071429 0.928571 0.642857 1.00
0.000000 0.857143 0.642857 1.00
0.000000 0.928571 0.571429 1.00
0.071429 0.857143 0.571429 1.00
0.000000 0.857143 0.571429 -1.00
0.071429 0.928571 0.571429 -1.00
0.071429 0.857143 0.642857 -1.00
0.000000 0.928571 0.642857 -1.00
0.071429 0.928571 0.785714 1.00
0.000000 0.857143 0.785714 1.00
0.000000 0.928571 0.714286 1.00
0.071429 0.857143 0.714286 1.00
0.000000 0.857143 0.714286 -1.00
0.071429 0.928571 0.714286 -1.00
0.071429 0.857143 0.785714 -1.00
0.000000 0.928571 0.785714 -1.00
0.071429 0.928571 0.928571 1.00
0.000000 0.857143 0.928571 1.00
0.000000 0.928571 0.857143 1.00
0.071429 0.857143 0.857143 1.00
0.000000 0.857143 0.857143 -1.00
0.071429 0.928571 0.857143 -1.00
0.071429 0.857143 0.928571 -1.00
0.000000 0.928571 0.928571 -1.00
0.214286 0.071429 0.071429 1.00
0.142857 0.000000 0.071429 1.00
0.142857 0.071429 0.000000 1.00
0.214286 0.000000 0.000000 1.00
0.142857 0.000000 0.000000 -1.00
0.214286 0.071429 0.000000 -1.00
0.214286 0.000000 0.071429 -1.00
0.142857 0.071429 0.071429 -1.00
0.214286 0.071429 0.214286 1.00
0.142857 0.000000 0.214286 1.00
0.142857 0.071429 0.142857 1.00
0.214286 0.000000 0.142857 1.00
0.142857 0.000000 0.142857 -1.00
0.214286 0.071429 0.142857 -1.00
0.214286 0.000000 0.214286 -1.00
0.142857 0.071429 0.214286 -1.00
0.214286 0.071429 0.357143 1.00
0.142857 0.000000 0.357143 1.00
0.142857 0.071429 0.285714 1.00
0.214286 0.000000 0.285714 1.00
0.142857 0.000000 0.285714 -1.00
0.214286 0.071429 0.285714 -1.00
0.214286 0.000000 0.357143 -1.00
0.142857 0.071429 0.357143 -1.00
0.214286 0.071429 0.500000 1.00
0.142857 0.000000 0.500000 1.00
0.142857 0.071429 0.428571 1.00
0.214286 0.000000 0.428571 1.00
0.142857 0.000000 0.428571 -1.00
0.214286 0.071429 0.428571 -1.00
0.214286 0.000000 0.500000 -1.00
0.142857 0.071429 0.500000 -1.00
0.214286 0.071429 0.642857 1.00
0.142857 0.000000 0.642857 1.00
0.142857 0.071429 0.571429 1.00
0.214286 0.000000 0.571429 1.00
0.142857 0.000000 0.571429 -1.00
0.214286 0.071429 0.571429 -1.00
0.214286 0.000000 0.642857 -1.00
0.142857 0.071429 0.642857 -1.00
0.214286 0.071429 0.785714 1.00
0.142857 0.000000 0.785714 1.00
0.142857 0.071429 0.714286 1.00
0.214286 0.000000 0.714286 1.00
0.142857 0.000000 0.714286 -1.00
0.214286 0.071429 0.714286 -1.00
0.214286 0.000000 0.785714 -1.00
0.142857 0.071429 0.785714 -1.00
0.214286 0.071429 0.928571 1.00
0.142857 0.000000 0.928571 1.00
0.142857 0.071429 0.857143 1.00
0.214286 0.000000 0.857143 1.00
0.142857 0.000000 0.857143 -1.00
0.214286 0.071429 0.857143 -1.00
0.214286 0.000000 0.928571 -1.00
0.142857 0.071429 0.928571 -1.00
0.214286 0.214286 0.071429 1.00
0.142857 0.142857 0.071429 1.00
0.142857 0.214286 0.000000 1.00
0.214286 0.142857 0.000000 1.00
0.142857 0.142857 0.000000 -1.00
0.214286 0.214286 0.000000 -1.00
0.214286 0.142857 0.071429 -1.00
0.142857 0.214286 0.071429 -1.00
0.214286 0.214286 0.214286 1.00
0.142857 0.142857 0.214286 1.00
0.142857 0.214286 0.142857 1.00
0.214286 0.142857 0.142857 1.00
0.142857 0.142857 0.142857 -1.00
0.214286 0.214286 0.142857 -1.00
0.214286 0.142857 0.214286 -1.00
0.142857 0.214286 0.214286 -1.00
0.214286 0.214286 0.357143 1.00
0.142857 0.142857 0.357143 1.00
0.142857 0.214286 0.285714 1.00
0.214286 0.142857 0.285714 1.00
0.142857 0.142857 0.285714 -1.00
0.214286 0.214286 0.285714 -1.00
0.214286 0.142857 0.357143 -1.00
0.142857 0.214286 0.357143 -1.00
0.214286 0.214286 0.500000 1.00
0.142857 0.142857 0.500000 1.00
0.142857 0.214286 0.428571 1.00
0.214286 0.142857 0.428571 1.00
0.142857 0.142857 0.428571 -1.00
0.214286 0.214286 0.428571 -1.00
0.214286 0.142857 0.500000 -1.00
0.142857 0.214286 0.500000 -1.00
0.214286 0.214286 0.642857 1.00
0.142857 0.142857 0.642857 1.00
0.142857 0.214286 0.571429 1.00
0.214286 0.142857 0.571429 1.00
0.142857 0.142857 0.571429 -1.00
0.214286 0.214286 0.571429 -1.00
0.214286 0.142857 0.642857 -1.00
0.142857 0.214286 0.642857 -1.00
0.214286 0.214286 0.928571 1.00
0.142857 0.142857 0.928571 1.00
0.142857 0.214286 0.857143 1.00
0.214286 0.142857 0.857143 1.00
0.142857 0.142857 0.857143 -1.00
0.214286 0.214286 0.857143 -1.00
0.214286 0.142857 0.928571 -1.00
0.142857 0.214286 0.928571 -1.00
0.214286 0.357143 0.071429 1.00
0.142857 0.285714 0.071429 1.00
0.142857 0.357143 0.000000 1.00
0.214286 0.285714 0.000000 1.00
0.142857 0.285714 0.000000 -1.00
0.214286 0.357143 0.000000 -1.00
0.214286 0.285714 0.071429 -1.00
0.142857 0.357143 0.071429 -1.00
0.214286 0.357143 0.214286 1.00
0.142857 0.285714 0.214286 1.00
0.142857 0.357143 0.142857 1.00
0.214286 0.285714 0.142857 1.00
0.142857 0.285714 0.142857 -1.00
0.214286 0.357143 0.142857 -1.00
0.214286 0.285714 0.214286 -1.00
0.142857 0.357143 0.214286 -1.00
0.214286 0.357143 0.357143 1.00
0.142857 0.285714 0.357143 1.00
0.142857 0.357143 0.285714 1.00
0.214286 0.285714 0.285714 1.00
0.142857 0.285714 0.285714 -1.00
0.214286 0.357143 0.285714 -1.00
0.214286 0.285714 0.357143 -1.00
0.142857 0.357143 0.357143 -1.00
0.214286 0.357143 0.500000 1.00
0.142857 0.285714 0.500000 1.00
0.142857 0.357143 0.428571 1.00
0.214286 0.285714 0.428571 1.00
0.142857 0.285714 0.428571 -1.00
0.214286 0.357143 0.428571 -1.00
0.214286 0.285714 0.500000 -1.00
0.142857 0.357143 0.500000 -1.00
0.214286 0.357143 0.642857 1.00
0.142857 0.285714 0.642857 1.00
0.142857 0.357143 0.571429 1.00
0.214286 0.285714 0.571429 1.00
0.142857 0.285714 0.571429 -1.00
0.214286 0.285714 0.714286 1.00
0.142857 0.285714 0.714286 -1.00
0.214286 0.357143 0.714286 -1.00
0.214286 0.285714 0.785714 -1.00
0.142857 0.357143 0.785714 -1.00
0.214286 0.357143 0.928571 1.00
0.142857 0.285714 0.928571 1.00
0.142857 0.357143 0.857143 1.00
0.214286 0.285714 0.857143 1.00
0.142857 0.285714 0.857143 -1.00
0.214286 0.357143 0.857143 -1.00
0.142857 0.500000 0.000000 1.00
0.214286 0.428571 0.000000 1.00
0.142857 0.428571 0.000000 -1.00
0.214286 0.500000 0.000000 -1.00
0.214286 0.428571 0.071429 -1.00
0.142857 0.500000 0.071429 -1.00
0.214286 0.500000 0.214286 1.00
0.142857 0.428571 0.214286 1.00
0.142857 0.500000 0.142857 1.00
0.214286 0.428571 0.142857 1.00
0.142857 0.428571 0.142857 -1.00
0.214286 0.500000 0.142857 -1.00
0.214286 0.428571 0.214286 -1.00
0.142857 0.500000 0.214286 -1.00
0.214286 0.500000 0.357143 1.00
0.142857 0.428571 0.357143 1.00
0.142857 0.500000 0.285714 1.00
0.214286 0.428571 0.285714 1.00
0.142857 0.428571 0.285714 -1.00
0.214286 0.500000 0.285714 -1.00
0.214286 0.428571 0.357143 -1.00
0.142857 0.500000 0.357143 -1.00
0.214286 0.500000 0.500000 1.00
0.142857 0.428571 0.500000 1.00
0.142857 0.500000 0.428571 1.00
0.214286 0.428571 0.428571 1.00
0.142857 0.428571 0.428571 -1.00
0.214286 0.500000 0.428571 -1.00
0.214286 0.428571 0.500000 -1.00
0.142857 0.500000 0.500000 -1.00
0.214286 0.500000 0.642857 1.00
0.142857 0.428571 0.642857 1.00
0.142857 0.500000 0.571429 1.00
0.214286 0.428571 0.571429 1.00
0.142857 0.428571 0.571429 -1.00
0.214286 0.500000 0.571429 -1.00
0.214286 0.428571 0.642857 -1.00
0.142857 0.500000 0.642857 -1.00
0.214286 0.500000 0.785714 1.00
0.142857 0.428571 0.785714 1.00
0.142857 0.500000 0.714286 1.00
0.214286 0.428571 0.714286 1.00
0.142857 0.428571 0.714286 -1.00
0.214286 0.500000 0.714286 -1.00
0.214286 0.428571 0.785714 -1.00
0.142857 0.500000 0.785714 -1.00
0.214286 0.500000 0.928571 1.00
0.142857 0.428571 0.928571 1.00
0.142857 0.500000 0.857143 1.00
0.214286 0.428571 0.857143 1.00
0.142857 0.428571 0.857143 -1.00
0.214286 0.500000 0.857143 -1.00
0.214286 0.428571 0.928571 -1.00
0.142857 0.500000 0.928571 -1.00
0.214286 0.642857 0.071429 1.00
0.142857 0.571429 0.071429 1.00
0.142857 0.642857 0.000000 1.00
0.214286 0.571429 0.000000 1.00
0.142857 0.571429 0.000000 -1.00
0.214286 0.642857 0.000000 -1.00
0.214286 0.571429 0.071429 -1.00
0.142857 0.642857 0.071429 -1.00
0.214286 0.642857 0.214286 1.00
0.142857 0.571429 0.214286 1.00
0.142857 0.642857 0.142857 1.00
0.214286 0.571429 0.142857 1.00
0.142857 0.571429 0.142857 -1.00
0.214286 0.642857 0.142857 -1.00
0.214286 0.571429 0.214286 -1.00
0.142857 0.642857 0.214286 -1.00
0.214286 0.642857 0.357143 1.00
0.142857 0.571429 0.357143 1.00
0.142857 0.642857 0.285714 1.00
0.214286 0.571429 0.285714 1.00
0.142857 0.571429 0.285714 -1.00
0.214286 0.642857 0.285714 -1.00
0.214286 0.571429 0.357143 -1.00
0.142857 0.642857 0.357143 -1.00
0.214286 0.642857 0.500000 1.00
0.142857 0.571429 0.500000 1.00
0.142857 0.642857 0.428571 1.00
0.214286 0.571429 0.428571 1.00
0.142857 0.571429 0.428571 -1.00
0.214286 0.642857 0.428571 -1.00
0.214286 0.571429 0.500000 -1.00
0.142857 0.642857 0.500000 -1.00
0.214286 0.642857 0.642857 1.00
0.142857 0.571429 0.642857 1.00
0.142857 0.642857 0.571429 1.00
0.214286 0.571429 0.571429 1.00
0.142857 0.571429 0.571429 -1.00
0.214286 0.642857 0.571429 -1.00
0.214286 0.571429 0.642857 -1.00
0.142857 0.642857 0.642857 -1.00
0.214286 0.642857 0.785714 1.00
0.142857 0.571429 0.785714 1.00
0.142857 0.642857 0.714286 1.00
0.214286 0.571429 0.714286 1.00
0.142857 0.571429 0.714286 -1.00
0.214286 0.642857 0.714286 -1.00
0.214286 0.571429 0.785714 -1.00
0.142857 0.642857 0.785714 -1.00
0.214286 0.642857 0.928571 1.00
0.142857 0.571429 0.928571 1.00
0.214286 0.571429 0.928571 -1.00
0.142857 0.642857 0.928571 -1.00
0.214286 0.785714 0.071429 1.00
0.142857 0.714286 0.071429 1.00
0.142857 0.785714 0.000000 1.00
0.214286 0.714286 0.000000 1.00
0.142857 0.714286 0.000000 -1.00
0.214286 0.785714 0.000000 -1.00
0.214286 0.714286 0.071429 -1.00
0.142857 0.785714 0.071429 -1.00
0.214286 0.785714 0.214286 1.00
0.142857 0.714286 0.214286 1.00
0.142857 0.785714 0.142857 1.00
0.214286 0.714286 0.142857 1.00
0.142857 0.714286 0.142857 -1.00
0.214286 0.714286 0.285714 1.00
0.142857 0.714286 0.285714 -1.00
0.214286 0.785714 0.285714 -1.00
0.214286 0.714286 0.357143 -1.00
0.142857 0.785714 0.357143 -1.00
0.214286 0.785714 0.500000 1.00
0.142857 0.714286 0.500000 1.00
0.142857 0.785714 0.428571 1.00
0.214286 0.714286 0.428571 1.00
0.142857 0.714286 0.428571 -1.00
0.214286 0.785714 0.428571 -1.00
0.214286 0.714286 0.500000 -1.00
0.142857 0.785714 0.500000 -1.00
0.214286 0.785714 0.642857 1.00
0.142857 0.714286 0.642857 1.00
0.142857 0.785714 0.571429 1.00
0.214286 0.714286 0.571429 1.00
0.142857 0.714286 0.571429 -1.00
0.214286 0.785714 0.571429 -1.00
0.214286 0.714286 0.642857 -1.00
0.142857 0.785714 0.642857 -1.00
0.214286 0.785714 0.785714 1.00
0.142857 0.714286 0.785714 1.00
0.142857 0.785714 0.714286 1.00
0.214286 0.714286 0.714286 1.00
0.142857 0.714286 0.714286 -1.00
0.214286 0.785714 0.714286 -1.00
0.214286 0.714286 0.785714 -1.00
0.142857 0.785714 0.785714 -1.00
0.214286 0.785714 0.928571 1.00
0.142857 0.714286 0.928571 1.00
0.142857 0.785714 0.857143 1.00
0.214286 0.714286 0.857143 1.00
0.142857 0.714286 0.857143 -1.00
0.214286 0.785714 0.857143 -1.00
0.214286 0.714286 0.928571 -1.00
0.142857 0.785714 0.928571 -1.00
0.214286 0.928571 0.071429 1.00
0.142857 0.857143 0.071429 1.00
0.142857 0.928571 0.000000 1.00
0.214286 0.857143 0.000000 1.00
0.142857 0.857143 0.000000 -1.00
0.214286 0.928571 0.000000 -1.00
0.214286 0.857143 0.071429 -1.00
0.142857 0.928571 0.071429 -1.00
0.214286 0.928571 0.214286 1.00
0.142857 0.857143 0.214286 1.00
0.142857 0.928571 0.142857 1.00
0.214286 0.857143 0.142857 1.00
0.142857 0.857143 0.142857 -1.00
0.214286 0.928571 0.142857 -1.00
0.214286 0.857143 0.214286 -1.00
0.142857 0.928571 0.214286 -1.00
0.214286 0.928571 0.357143 1.00
0.142857 0.857143 0.357143 1.00
0.142857 0.928571 0.285714 1.00
0.214286 0.857143 0.285714 1.00
0.142857 0.857143 0.285714 -1.00
0.214286 0.928571 0.285714 -1.00
0.214286 0.857143 0.357143 -1.00
0.142857 0.928571 0.357143 -1.00
0.214286 0.928571 0.500000 1.00
0.142857 0.857143 0.500000 1.00
0.142857 0.928571 0.428571 1.00
0.214286 0.857143 0.428571 1.00
0.142857 0.857143 0.428571 -1.00
0.214286 0.928571 0.428571 -1.00
0.214286 0.857143 0.500000 -1.00
0.142857 0.928571 0.500000 -1.00
0.214286 0.928571 0.642857 1.00
0.142857 0.857143 0.642857 1.00
0.142857 0.928571 0.571429 1.00
0.214286 0.857143 0.571429 1.00
0.142857 0.857143 0.571429 -1.00
0.214286 0.928571 0.571429 -1.00
0.214286 0.857143 0.642857 -1.00
0.142857 0.928571 0.642857 -1.00
0.214286 0.928571 0.785714 1.00
0.142857 0.857143 0.785714 1.00
0.142857 0.928571 0.714286 1.00
0.214286 0.857143 0.714286 1.00
0.142857 0.857143 0.714286 -1.00
0.214286 0.928571 0.714286 -1.00
0.214286 0.857143 0.785714 -1.00
0.142857 0.928571 0.785714 -1.00
0.214286 0.928571 0.928571 1.00
0.142857 0.857143 0.928571 1.00
0.142857 0.928571 0.857143 1.00
0.214286 0.857143 0.857143 1.00
0.142857 0.857143 0.857143 -1.00
0.214286 0.928571 0.857143 -1.00
0.214286 0.857143 0.928571 -1.00
0.142857 0.928571 0.928571 -1.00
0.357143 0.071429 0.071429 1.00
0.285714 0.000000 0.071429 1.00
0.285714 0.071429 0.000000 1.00
0.357143 0.000000 0.000000 1.00
0.285714 0.000000 0.000000 -1.00
0.357143 0.071429 0.000000 -1.00
0.357143 0.000000 0.071429 -1.00
0.285714 0.071429 0.071429 -1.00
0.357143 0.071429 0.214286 1.00
0.285714 0.000000 0.214286 1.00
0.285714 0.071429 0.142857 1.00
0.357143 0.000000 0.142857 1.00
0.285714 0.000000 0.142857 -1.00
0.357143 0.071429 0.142857 -1.00
0.357143 0.000000 0.214286 -1.00
0.285714 0.071429 0.214286 -1.00
0.357143 0.071429 0.357143 1.00
0.285714 0.000000 0.357143 1.00
0.357143 0.000000 0.357143 -1.00
0.285714 0.000000 0.500000 1.00
0.285714 0.071429 0.428571 1.00
0.357143 0.000000 0.428571 1.00
0.285714 0.000000 0.428571 -1.00
0.357143 0.071429 0.428571 -1.00
0.357143 0.000000 0.500000 -1.00
0.285714 0.071429 0.500000 -1.00
0.357143 0.071429 0.642857 1.00
0.285714 0.000000 0.642857 1.00
0.285714 0.071429 0.571429 1.00
0.357143 0.000000 0.571429 1.00
0.285714 0.000000 0.571429 -1.00
0.357143 0.071429 0.571429 -1.00
0.357143 0.000000 0.642857 -1.00
0.285714 0.071429 0.642857 -1.00
0.357143 0.071429 0.785714 1.00
0.285714 0.000000 0.785714 1.00
0.285714 0.071429 0.714286 1.00
0.357143 0.000000 0.714286 1.00
0.285714 0.000000 0.714286 -1.00
0.357143 0.071429 0.714286 -1.00
0.357143 0.000000 0.785714 -1.00
0.285714 0.071429 0.785714 -1.00
0.357143 0.071429 0.928571 1.00
0.285714 0.000000 0.928571 1.00
0.285714 0.071429 0.857143 1.00
0.357143 0.000000 0.857143 1.00
0.285714 0.000000 0.857143 -1.00
0.357143 0.071429 0.857143 -1.00
0.357143 0.000000 0.928571 -1.00
0.285714 0.071429 0.928571 -1.00
0.357143 0.214286 0.071429 1.00
0.285714 0.142857 0.071429 1.00
0.285714 0.214286 0.000000 1.00
0.357143 0.142857 0.000000 1.00
0.285714 0.142857 0.000000 -1.00
0.357143 0.214286 0.000000 -1.00
0.357143 0.142857 0.071429 -1.00
0.285714 0.214286 0.071429 -1.00
0.357143 0.214286 0.214286 1.00
0.285714 0.142857 0.214286 1.00
0.285714 0.214286 0.142857 1.00
0.357143 0.142857 0.142857 1.00
0.285714 0.142857 0.142857 -1.00
0.357143 0.214286 0.142857 -1.00
0.357143 0.142857 0.214286 -1.00
0.285714 0.214286 0.214286 -1.00
0.357143 0.214286 0.357143 1.00
0.285714 0.142857 0.357143 1.00
0.285714 0.214286 0.285714 1.00
0.357143 0.142857 0.285714 1.00
0.285714 0.142857 0.285714 -1.00
0.357143 0.214286 0.285714 -1.00
0.357143 0.142857 0.357143 -1.00
0.285714 0.214286 0.357143 -1.00
0.357143 0.214286 0.500000 1.00
0.285714 0.142857 0.500000 1.00
0.285714 0.214286 0.428571 1.00
0.357143 0.142857 0.428571 1.00
0.285714 0.142857 0.428571 -1.00
0.357143 0.214286 0.428571 -1.00
0.357143 0.142857 0.500000 -1.00
0.285714 0.214286 0.500000 -1.00
0.357143 0.214286 0.642857 1.00
0.285714 0.142857 0.642857 1.00
0.285714 0.214286 0.571429 1.00
0.357143 0.142857 0.571429 1.00
0.285714 0.142857 0.571429 -1.00
0.357143 0.214286 0.571429 -1.00
0.357143 0.142857 0.642857 -1.00
0.285714 0.214286 0.642857 -1.00
0.357143 0.214286 0.785714 1.00
0.285714 0.142857 0.785714 1.00
0.285714 0.214286 0.714286 1.00
0.357143 0.142857 0.714286 1.00
0.285714 0.142857 0.714286 -1.00
0.357143 0.214286 0.714286 -1.00
0.357143 0.142857 0.785714 -1.00
0.285714 0.214286 0.785714 -1.00
0.357143 0.214286 0.928571 1.00
0.285714 0.142857 0.928571 1.00
0.285714 0.214286 0.857143 1.00
0.357143 0.142857 0.857143 1.00
0.285714 0.142857 0.857143 -1.00
0.357143 0.214286 0.857143 -1.00
0.357143 0.142857 0.928571 -1.00
0.285714 0.214286 0.928571 -1.00
0.357143 0.357143 0.071429 1.00
0.285714 0.285714 0.071429 1.00
0.285714 0.357143 0.000000 1.00
0.357143 0.285714 0.000000 1.00
0.285714 0.285714 0.000000 -1.00
0.357143 0.357143 0.000000 -1.00
0.357143 0.285714 0.071429 -1.00
0.285714 0.357143 0.071429 -1.00
0.357143 0.357143 0.214286 1.00
0.285714 0.285714 0.214286 1.00
0.285714 0.357143 0.142857 1.00
0.357143 0.285714 0.142857 1.00
0.285714 0.285714 0.142857 -1.00
0.357143 0.357143 0.142857 -1.00
0.357143 0.285714 0.214286 -1.00
0.285714 0.357143 0.214286 -1.00
0.357143 0.357143 0.357143 1.00
0.285714 0.285714 0.357143 1.00
0.285714 0.357143 0.285714 1.00
0.357143 0.285714 0.285714 1.00
0.285714 0.285714 0.285714 -1.00
0.357143 0.357143 0.285714 -1.00
0.357143 0.285714 0.357143 -1.00
0.285714 0.357143 0.357143 -1.00
0.357143 0.357143 0.500000 1.00
0.285714 0.285714 0.500000 1.00
0.285714 0.357143 0.428571 1.00
0.357143 0.285714 0.428571 1.00
0.285714 0.285714 0.428571 -1.00
0.357143 0.357143 0.428571 -1.00
0.357143 0.285714 0.500000 -1.00
0.285714 0.357143 0.500000 -1.00
0.357143 0.357143 0.642857 1.00
0.285714 0.285714 0.642857 1.00
0.285714 0.357143 0.571429 1.00
0.357143 0.285714 0.571429 1.00
0.285714 0.285714 0.571429 -1.00
0.357143 0.357143 0.571429 -1.00
0.357143 0.285714 0.642857 -1.00
0.285714 0.357143 0.642857 -1.00
0.357143 0.357143 0.785714 1.00
0.285714 0.285714 0.785714 1.00
0.285714 0.357143 0.714286 1.00
0.357143 0.285714 0.714286 1.00
0.285714 0.285714 0.714286 -1.00
0.357143 0.357143 0.714286 -1.00
0.357143 0.285714 0.785714 -1.00
0.285714 0.357143 0.785714 -1.00
0.357143 0.357143 0.928571 1.00
0.285714 0.285714 0.928571 1.00
0.285714 0.357143 0.857143 1.00
0.357143 0.285714 0.857143 1.00
0.285714 0.285714 0.857143 -1.00
0.357143 0.357143 0.857143 -1.00
0.357143 0.285714 0.928571 -1.00
0.285714 0.357143 0.928571 -1.00
0.357143 0.500000 0.071429 1.00
0.285714 0.428571 0.071429 1.00
0.285714 0.500000 0.000000 1.00
0.357143 0.428571 0.000000 1.00
0.285714 0.428571 0.000000 -1.00
0.357143 0.500000 0.000000 -1.00
0.357143 0.428571 0.071429 -1.00
0.285714 0.500000 0.071429 -1.00
0.357143 0.500000 0.214286 1.00
0.285714 0.428571 0.214286 1.00
0.285714 0.500000 0.142857 1.00
0.357143 0.428571 0.142857 1.00
0.285714 0.428571 0.142857 -1.00
0.357143 0.500000 0.142857 -1.00
0.357143 0.428571 0.214286 -1.00
0.285714 0.500000 0.214286 -1.00
0.357143 0.500000 0.357143 1.00
0.285714 0.428571 0.357143 1.00
0.285714 0.500000 0.285714 1.00
0.357143 0.428571 0.285714 1.00
0.285714 0.428571 0.285714 -1.00
0.357143 0.500000 0.285714 -1.00
0.357143 0.428571 0.357143 -1.00
0.285714 0.500000 0.357143 -1.00
0.357143 0.500000 0.500000 1.00
0.285714 0.428571 0.500000 1.00
0.285714 0.500000 0.428571 1.00
0.357143 0.428571 0.428571 1.00
0.285714 0.428571 0.428571 -1.00
0.357143 0.500000 0.428571 -1.00
0.357143 0.428571 0.500000 -1.00
0.285714 0.500000 0.500000 -1.00
0.357143 0.500000 0.642857 1.00
0.285714 0.428571 0.642857 1.00
0.285714 0.500000 0.571429 1.00
0.357143 0.428571 0.571429 1.00
0.285714 0.428571 0.571429 -1.00
0.357143 0.500000 0.571429 -1.00
0.357143 0.428571 0.642857 -1.00
0.285714 0.500000 0.642857 -1.00
0.357143 0.500000 0.785714 1.00
0.285714 0.428571 0.785714 1.00
0.357143 0.428571 0.928571 -1.00
0.285714 0.500000 0.928571 -1.00
0.357143 0.642857 0.071429 1.00
0.285714 0.571429 0.071429 1.00
0.285714 0.642857 0.000000 1.00
0.357143 0.571429 0.000000 1.00
0.285714 0.571429 0.000000 -1.00
0.357143 0.642857 0.000000 -1.00
0.357143 0.571429 0.071429 -1.00
0.285714 0.642857 0.071429 -1.00
0.357143 0.642857 0.214286 1.00
0.285714 0.571429 0.214286 1.00
0.285714 0.642857 0.142857 1.00
0.357143 0.571429 0.142857 1.00
0.285714 0.571429 0.285714 -1.00
0.357143 0.642857 0.285714 -1.00
0.357143 0.571429 0.357143 -1.00
0.285714 0.642857 0.357143 -1.00
0.357143 0.642857 0.500000 1.00
0.285714 0.571429 0.500000 1.00
0.285714 0.642857 0.428571 1.00
0.357143 0.571429 0.428571 1.00
0.285714 0.571429 0.428571 -1.00
0.357143 0.642857 0.428571 -1.00
0.357143 0.571429 0.500000 -1.00
0.285714 0.571429 0.642857 1.00
0.285714 0.642857 0.571429 1.00
0.357143 0.571429 0.571429 1.00
0.285714 0.571429 0.571429 -1.00
0.357143 0.642857 0.571429 -1.00
0.357143 0.571429 0.642857 -1.00
0.285714 0.642857 0.642857 -1.00
0.357143 0.642857 0.785714 1.00
0.285714 0.571429 0.785714 1.00
0.285714 0.642857 0.714286 1.00
0.357143 0.571429 0.714286 1.00
0.285714 0.571429 0.714286 -1.00
0.357143 0.642857 0.714286 -1.00
0.357143 0.571429 0.785714 -1.00
0.285714 0.642857 0.785714 -1.00
0.357143 0.642857 0.928571 1.00
0.285714 0.571429 0.928571 1.00
0.285714 0.642857 0.857143 1.00
0.357143 0.571429 0.857143 1.00
0.285714 0.571429 0.857143 -1.00
0.357143 0.642857 0.857143 -1.00
0.357143 0.571429 0.928571 -1.00
0.285714 0.642857 0.928571 -1.00
0.357143 0.785714 0.071429 1.00
0.285714 0.714286 0.071429 1.00
0.285714 0.785714 0.000000 1.00
0.357143 0.714286 0.000000 1.00
0.285714 0.714286 0.000000 -1.00
0.357143 0.785714 0.000000 -1.00
0.357143 0.714286 0.071429 -1.00
0.285714 0.785714 0.071429 -1.00
0.357143 0.785714 0.214286 1.00
0.285714 0.714286 0.214286 1.00
0.285714 0.785714 0.142857 1.00
0.357143 0.714286 0.142857 1.00
0.285714 0.714286 0.142857 -1.00
0.357143 0.785714 0.142857 -1.00
0.357143 0.714286 0.214286 -1.00
0.285714 0.785714 0.214286 -1.00
0.357143 0.785714 0.357143 1.00
0.285714 0.714286 0.357143 1.00
0.285714 0.785714 0.285714 1.00
0.357143 0.714286 0.285714 1.00
0.285714 0.714286 0.285714 -1.00
0.357143 0.785714 0.285714 -1.00
0.357143 0.714286 0.357143 -1.00
0.285714 0.785714 0.357143 -1.00
0.357143 0.785714 0.500000 1.00
0.285714 0.714286 0.500000 1.00
0.285714 0.785714 0.428571 1.00
0.357143 0.714286 0.428571 1.00
0.285714 0.714286 0.428571 -1.00
0.357143 0.785714 0.428571 -1.00
0.357143 0.714286 0.500000 -1.00
0.285714 0.785714 0.500000 -1.00
0.357143 0.785714 0.642857 1.00
0.285714 0.714286 0.642857 1.00
0.285714 0.785714 0.571429 1.00
0.357143 0.714286 0.571429 1.00
0.285714 0.714286 0.571429 -1.00
0.357143 0.785714 0.571429 -1.00
0.357143 0.714286 0.642857 -1.00
0.285714 0.785714 0.642857 -1.00
0.357143 0.785714 0.785714 1.00
0.285714 0.714286 0.785714 1.00
0.285714 0.785714 0.714286 1.00
0.357143 0.714286 0.714286 1.00
0.285714 0.714286 0.714286 -1.00
0.357143 0.785714 0.714286 -1.00
0.357143 0.714286 0.785714 -1.00
0.285714 0.785714 0.785714 -1.00
0.357143 0.785714 0.928571 1.00
0.285714 0.714286 0.928571 1.00
0.285714 0.785714 0.857143 1.00
0.357143 0.714286 0.857143 1.00
0.285714 0.714286 0.857143 -1.00
0.357143 0.785714 0.857143 -1.00
0.357143 0.714286 0.928571 -1.00
0.285714 0.785714 0.928571 -1.00
0.357143 0.928571 0.071429 1.00
0.285714 0.857143 0.071429 1.00
0.285714 0.928571 0.000000 1.00
0.357143 0.857143 0.000000 1.00
0.285714 0.857143 0.000000 -1.00
0.357143 0.928571 0.000000 -1.00
0.357143 0.857143 0.071429 -1.00
0.285714 0.928571 0.071429 -1.00
0.357143 0.928571 0.214286 1.00
0.285714 0.857143 0.214286 1.00
0.285714 0.928571 0.142857 1.00
0.357143 0.857143 0.142857 1.00
0.285714 0.857143 0.142857 -1.00
0.357143 0.928571 0.142857 -1.00
0.357143 0.857143 0.214286 -1.00
0.285714 0.928571 0.214286 -1.00
0.357143 0.928571 0.357143 1.00
0.285714 0.857143 0.357143 1.00
0.285714 0.928571 0.285714 1.00
0.357143 0.857143 0.285714 1.00
0.285714 0.857143 0.285714 -1.00
0.357143 0.928571 0.285714 -1.00
0.357143 0.857143 0.357143 -1.00
0.285714 0.928571 0.357143 -1.00
0.357143 0.928571 0.500000 1.00
0.285714 0.857143 0.500000 1.00
0.285714 0.928571 0.428571 1.00
0.357143 0.857143 0.428571 1.00
0.285714 0.857143 0.428571 -1.00
0.357143 0.928571 0.428571 -1.00
0.357143 0.857143 0.500000 -1.00
0.285714 0.857143 0.642857 1.00
0.285714 0.928571 0.571429 1.00
0.357143 0.857143 0.571429 1.00
0.285714 0.857143 0.571429 -1.00
0.357143 0.928571 0.571429 -1.00
0.357143 0.857143 0.642857 -1.00
0.285714 0.928571 0.642857 -1.00
0.357143 0.928571 0.785714 1.00
0.285714 0.857143 0.785714 1.00
0.285714 0.928571 0.714286 1.00
0.357143 0.857143 0.714286 1.00
0.285714 0.857143 0.714286 -1.00
0.357143 0.928571 0.714286 -1.00
0.357143 0.857143 0.785714 -1.00
0.285714 0.928571 0.785714 -1.00
0.357143 0.928571 0.928571 1.00
0.285714 0.857143 0.928571 1.00
0.285714 0.928571 0.857143 1.00
0.357143 0.857143 0.857143 1.00
0.285714 0.857143 0.857143 -1.00
0.357143 0.928571 0.857143 -1.00
0.357143 0.857143 0.928571 -1.00
0.285714 0.928571 0.928571 -1.00
0.500000 0.071429 0.071429 1.00
0.428571 0.000000 0.071429 1.00
0.428571 0.071429 0.000000 1.00
0.500000 0.000000 0.000000 1.00
0.428571 0.000000 0.000000 -1.00
0.500000 0.071429 0.000000 -1.00
0.500000 0.000000 0.071429 -1.00
0.428571 0.071429 0.071429 -1.00
0.500000 0.071429 0.214286 1.00
0.428571 0.000000 0.214286 1.00
0.428571 0.071429 0.142857 1.00
0.500000 0.000000 0.142857 1.00
0.428571 0.000000 0.142857 -1.00
0.500000 0.071429 0.142857 -1.00
0.500000 0.000000 0.214286 -1.00
0.428571 0.071429 0.214286 -1.00
0.500000 0.071429 0.357143 1.00
0.428571 0.071429 0.500000 -1.00
0.500000 0.071429 0.642857 1.00
0.428571 0.000000 0.642857 1.00
0.428571 0.071429 0.571429 1.00
0.500000 0.000000 0.571429 1.00
0.428571 0.000000 0.571429 -1.00
0.500000 0.071429 0.571429 -1.00
0.500000 0.000000 0.642857 -1.00
0.428571 0.071429 0.642857 -1.00
0.500000 0.071429 0.785714 1.00
0.428571 0.000000 0.785714 1.00
0.428571 0.071429 0.714286 1.00
0.500000 0.000000 0.714286 1.00
0.428571 0.000000 0.714286 -1.00
0.500000 0.071429 0.714286 -1.00
0.500000 0.000000 0.785714 -1.00
0.428571 0.071429 0.785714 -1.00
0.500000 0.071429 0.928571 1.00
0.428571 0.000000 0.928571 1.00
0.428571 0.071429 0.857143 1.00
0.500000 0.000000 0.857143 1.00
0.428571 0.000000 0.857143 -1.00
0.500000 0.071429 0.857143 -1.00
0.500000 0.000000 0.928571 -1.00
0.428571 0.071429 0.928571 -1.00
0.500000 0.214286 0.071429 1.00
0.428571 0.142857 0.071429 1.00
0.428571 0.214286 0.000000 1.00
0.500000 0.142857 0.000000 1.00
0.428571 0.142857 0.000000 -1.00
0.500000 0.214286 0.000000 -1.00
0.500000 0.142857 0.071429 -1.00
0.428571 0.214286 0.071429 -1.00
0.500000 0.214286 0.214286 1.00
0.428571 0.142857 0.214286 1.00
0.428571 0.214286 0.142857 1.00
0.500000 0.142857 0.142857 1.00
0.428571 0.142857 0.142857 -1.00
0.500000 0.214286 0.142857 -1.00
0.500000 0.142857 0.214286 -1.00
0.428571 0.214286 0.214286 -1.00
0.500000 0.214286 0.357143 1.00
0.428571 0.142857 0.357143 1.00
0.428571 0.214286 0.285714 1.00
0.500000 0.142857 0.285714 1.00
0.428571 0.142857 0.285714 -1.00
0.500000 0.214286 0.285714 -1.00
0.500000 0.142857 0.357143 -1.00
0.428571 0.214286 0.357143 -1.00
0.500000 0.214286 0.500000 1.00
0.428571 0.142857 0.500000 1.00
0.428571 0.214286 0.428571 1.00
0.500000 0.142857 0.428571 1.00
0.428571 0.142857 0.428571 -1.00
0.500000 0.214286 0.428571 -1.00
0.500000 0.142857 0.500000 -1.00
0.428571 0.214286 0.500000 -1.00
0.500000 0.214286 0.642857 1.00
0.428571 0.142857 0.642857 1.00
0.428571 0.214286 0.571429 1.00
0.500000 0.142857 0.571429 1.00
0.428571 0.142857 0.571429 -1.00
0.500000 0.214286 0.571429 -1.00
0.500000 0.142857 0.642857 -1.00
0.428571 0.214286 0.642857 -1.00
0.500000 0.214286 0.785714 1.00
0.428571 0.142857 0.785714 1.00
0.428571 0.214286 0.714286 1.00
0.500000 0.142857 0.714286 1.00
0.428571 0.142857 0.714286 -1.00
0.500000 0.214286 0.714286 -1.00
0.500000 0.142857 0.785714 -1.00
0.428571 0.214286 0.785714 -1.00
0.500000 0.214286 0.928571 1.00
0.428571 0.142857 0.928571 1.00
0.428571 0.214286 0.857143 1.00
0.500000 0.142857 0.857143 1.00
0.428571 0.142857 0.857143 -1.00
0.500000 0.285714 0.000000 1.00
0.428571 0.285714 0.000000 -1.00
0.500000 0.357143 0.000000 -1.00
0.500000 0.285714 0.071429 -1.00
0.428571 0.357143 0.071429 -1.00
0.500000 0.357143 0.214286 1.00
0.428571 0.285714 0.214286 1.00
0.428571 0.357143 0.142857 1.00
0.500000 0.285714 0.142857 1.00
0.428571 0.285714 0.142857 -1.00
0.500000 0.357143 0.142857 -1.00
0.500000 0.285714 0.214286 -1.00
0.428571 0.357143 0.214286 -1.00
0.500000 0.357143 0.357143 1.00
0.428571 0.285714 0.357143 1.00
0.428571 0.357143 0.285714 1.00
0.500000 0.285714 0.285714 1.00
0.428571 0.285714 0.285714 -1.00
0.500000 0.357143 0.285714 -1.00
0.500000 0.285714 0.357143 -1.00
0.428571 0.357143 0.357143 -1.00
0.500000 0.357143 0.500000 1.00
0.428571 0.285714 0.500000 1.00
0.428571 0.357143 0.428571 1.00
0.500000 0.285714 0.428571 1.00
0.428571 0.285714 0.428571 -1.00
0.500000 0.357143 0.428571 -1.00
0.500000 0.285714 0.500000 -1.00
0.428571 0.357143 0.500000 -1.00
0.500000 0.357143 0.642857 1.00
0.428571 0.285714 0.642857 1.00
0.428571 0.357143 0.571429 1.00
0.500000 0.285714 0.571429 1.00
0.428571 0.285714 0.571429 -1.00
0.500000 0.357143 0.571429 -1.00
0.500000 0.285714 0.642857 -1.00
0.428571 0.357143 0.642857 -1.00
0.500000 0.357143 0.785714 1.00
0.428571 0.285714 0.785714 1.00
0.428571 0.357143 0.714286 1.00
0.500000 0.285714 0.714286 1.00
0.428571 0.285714 0.714286 -1.00
0.500000 0.357143 0.714286 -1.00
0.500000 0.285714 0.785714 -1.00
0.428571 0.357143 0.785714 -1.00
0.500000 0.357143 0.928571 1.00
0.428571 0.285714 0.928571 1.00
0.428571 0.357143 0.857143 1.00
0.500000 0.285714 0.857143 1.00
0.428571 0.285714 0.857143 -1.00
0.500000 0.357143 0.857143 -1.00
0.500000 0.285714 0.928571 -1.00
0.428571 0.357143 0.928571 -1.00
0.500000 0.500000 0.071429 1.00
0.428571 0.428571 0.071429 1.00
0.428571 0.500000 0.000000 1.00
0.500000 0.428571 0.000000 1.00
0.428571 0.428571 0.000000 -1.00
0.500000 0.500000 0.000000 -1.00
0.500000 0.428571 0.071429 -1.00
0.428571 0.500000 0.071429 -1.00
0.500000 0.500000 0.214286 1.00
0.428571 0.428571 0.214286 1.00
0.428571 0.500000 0.142857 1.00
0.500000 0.428571 0.142857 1.00
0.428571 0.428571 0.142857 -1.00
0.500000 0.500000 0.142857 -1.00
0.500000 0.428571 0.214286 -1.00
0.428571 0.500000 0.214286 -1.00
0.500000 0.500000 0.357143 1.00
0.428571 0.428571 0.357143 1.00
0.428571 0.500000 0.285714 1.00
0.500000 0.428571 0.285714 1.00
0.428571 0.428571 0.285714 -1.00
0.500000 0.500000 0.285714 -1.00
0.500000 0.428571 0.357143 -1.00
0.428571 0.500000 0.357143 -1.00
0.500000 0.500000 0.500000 1.00
0.428571 0.428571 0.500000 1.00
0.428571 0.500000 0.428571 1.00
0.500000 0.428571 0.428571 1.00
0.428571 0.428571 0.428571 -1.00
0.500000 0.500000 0.428571 -1.00
0.500000 0.428571 0.500000 -1.00
0.428571 0.500000 0.500000 -1.00
0.500000 0.500000 0.642857 1.00
0.428571 0.428571 0.642857 1.00
0.428571 0.500000 0.571429 1.00
0.500000 0.428571 0.571429 1.00
0.428571 0.428571 0.571429 -1.00
0.500000 0.500000 0.571429 -1.00
0.500000 0.428571 0.642857 -1.00
0.428571 0.500000 0.642857 -1.00
0.500000 0.500000 0.785714 1.00
0.428571 0.428571 0.785714 1.00
0.428571 0.500000 0.714286 1.00
0.500000 0.428571 0.714286 1.00
0.428571 0.428571 0.714286 -1.00
0.500000 0.500000 0.714286 -1.00
0.500000 0.428571 0.785714 -1.00
0.428571 0.500000 0.785714 -1.00
0.500000 0.500000 0.928571 1.00
0.428571 0.428571 0.928571 1.00
0.428571 0.500000 0.857143 1.00
0.500000 0.428571 0.857143 1.00
0.428571 0.428571 0.857143 -1.00
0.500000 0.500000 0.857143 -1.00
0.500000 0.428571 0.928571 -1.00
0.428571 0.500000 0.928571 -1.00
0.500000 0.642857 0.071429 1.00
0.428571 0.571429 0.071429 1.00
0.428571 0.642857 0.000000 1.00
0.500000 0.571429 0.000000 1.00
0.428571 0.571429 0.000000 -1.00
0.500000 0.642857 0.000000 -1.00
0.500000 0.571429 0.071429 -1.00
0.428571 0.642857 0.071429 -1.00
0.500000 0.642857 0.214286 1.00
0.428571 0.571429 0.214286 1.00
0.428571 0.642857 0.142857 1.00
0.500000 0.571429 0.142857 1.00
0.428571 0.571429 0.142857 -1.00
0.500000 0.642857 0.142857 -1.00
0.500000 0.571429 0.214286 -1.00
0.428571 0.642857 0.214286 -1.00
0.500000 0.642857 0.357143 1.00
0.428571 0.571429 0.357143 1.00
0.428571 0.642857 0.285714 1.00
0.500000 0.571429 0.285714 1.00
0.428571 0.571429 0.285714 -1.00
0.500000 0.642857 0.285714 -1.00
0.500000 0.571429 0.357143 -1.00
0.428571 0.642857 0.357143 -1.00
0.500000 0.642857 0.500000 1.00
0.428571 0.571429 0.500000 1.00
0.428571 0.642857 0.428571 1.00
0.500000 0.571429 0.428571 1.00
0.428571 0.571429 0.428571 -1.00
0.500000 0.642857 0.428571 -1.00
0.500000 0.571429 0.500000 -1.00
0.428571 0.642857 0.500000 -1.00
0.500000 0.642857 0.642857 1.00
0.428571 0.571429 0.642857 1.00
0.428571 0.642857 0.571429 1.00
0.500000 0.571429 0.571429 1.00
0.428571 0.571429 0.571429 -1.00
0.500000 0.642857 0.571429 -1.00
0.500000 0.571429 0.642857 -1.00
0.428571 0.642857 0.642857 -1.00
0.500000 0.642857 0.785714 1.00
0.428571 0.571429 0.785714 1.00
0.428571 0.642857 0.714286 1.00
0.500000 0.571429 0.714286 1.00
0.428571 0.571429 0.714286 -1.00
0.500000 0.642857 0.714286 -1.00
0.500000 0.571429 0.785714 -1.00
0.428571 0.642857 0.785714 -1.00
0.500000 0.642857 0.928571 1.00
0.428571 0.571429 0.928571 1.00
0.428571 0.642857 0.857143 1.00
0.500000 0.571429 0.857143 1.00
0.428571 0.571429 0.857143 -1.00
0.500000 0.642857 0.857143 -1.00
0.500000 0.571429 0.928571 -1.00
0.428571 0.642857 0.928571 -1.00
0.500000 0.785714 0.071429 1.00
0.428571 0.714286 0.071429 1.00
0.428571 0.785714 0.000000 1.00
0.500000 0.714286 0.000000 1.00
0.428571 0.714286 0.000000 -1.00
0.500000 0.785714 0.000000 -1.00
0.500000 0.714286 0.071429 -1.00
0.428571 0.785714 0.071429 -1.00
0.500000 0.785714 0.214286 1.00
0.428571 0.714286 0.214286 1.00
0.428571 0.785714 0.142857 1.00
0.500000 0.714286 0.142857 1.00
0.428571 0.714286 0.142857 -1.00
0.500000 0.785714 0.142857 -1.00
0.500000 0.714286 0.214286 -1.00
0.428571 0.785714 0.214286 -1.00
0.500000 0.785714 0.357143 1.00
0.428571 0.714286 0.357143 1.00
0.428571 0.785714 0.285714 1.00
0.500000 0.714286 0.285714 1.00
0.428571 0.714286 0.285714 -1.00
0.500000 0.785714 0.285714 -1.00
0.500000 0.714286 0.357143 -1.00
0.428571 0.785714 0.357143 -1.00
0.500000 0.785714 0.500000 1.00
0.428571 0.714286 0.500000 1.00
0.428571 0.785714 0.428571 1.00
0.428571 0.714286 0.642857 1.00
0.428571 0.785714 0.571429 1.00
0.500000 0.714286 0.571429 1.00
0.428571 0.714286 0.571429 -1.00
0.500000 0.785714 0.571429 -1.00
0.500000 0.714286 0.642857 -1.00
0.428571 0.785714 0.642857 -1.00
0.500000 0.785714 0.785714 1.00
0.428571 0.714286 0.785714 1.00
0.428571 0.785714 0.714286 1.00
0.500000 0.714286 0.714286 1.00
0.428571 0.714286 0.714286 -1.00
0.500000 0.785714 0.714286 -1.00
0.500000 0.714286 0.785714 -1.00
0.428571 0.785714 0.785714 -1.00
0.500000 0.785714 0.928571 1.00
0.428571 0.714286 0.928571 1.00
0.428571 0.785714 0.857143 1.00
0.500000 0.714286 0.857143 1.00
0.428571 0.714286 0.857143 -1.00
0.500000 0.785714 0.857143 -1.00
0.500000 0.714286 0.928571 -1.00
0.428571 0.785714 0.928571 -1.00
0.500000 0.928571 0.071429 1.00
0.428571 0.857143 0.071429 1.00
0.428571 0.928571 0.000000 1.00
0.500000 0.857143 0.000000 1.00
0.428571 0.857143 0.000000 -1.00
0.500000 0.928571 0.000000 -1.00
0.500000 0.857143 0.071429 -1.00
0.428571 0.928571 0.071429 -1.00
0.500000 0.928571 0.214286 1.00
0.428571 0.857143 0.214286 1.00
0.428571 0.928571 0.142857 1.00
0.500000 0.857143 0.142857 1.00
0.428571 0.857143 0.285714 -1.00
0.500000 0.928571 0.285714 -1.00
0.500000 0.857143 0.357143 -1.00
0.428571 0.928571 0.357143 -1.00
0.500000 0.928571 0.500000 1.00
0.428571 0.857143 0.500000 1.00
0.428571 0.928571 0.428571 1.00
0.500000 0.857143 0.428571 1.00
0.428571 0.857143 0.428571 -1.00
0.500000 0.928571 0.428571 -1.00
0.500000 0.857143 0.500000 -1.00
0.428571 0.928571 0.500000 -1.00
0.500000 0.928571 0.642857 1.00
0.428571 0.857143 0.642857 1.00
0.428571 0.928571 0.571429 1.00
0.500000 0.857143 0.571429 1.00
0.428571 0.857143 0.571429 -1.00
0.500000 0.928571 0.571429 -1.00
0.500000 0.857143 0.642857 -1.00
0.428571 0.928571 0.642857 -1.00
0.500000 0.928571 0.785714 1.00
0.428571 0.857143 0.785714 1.00
0.428571 0.928571 0.714286 1.00
0.500000 0.857143 0.714286 1.00
0.428571 0.857143 0.714286 -1.00
0.500000 0.928571 0.714286 -1.00
0.500000 0.857143 0.785714 -1.00
0.428571 0.928571 0.785714 -1.00
0.500000 0.928571 0.928571 1.00
0.428571 0.857143 0.928571 1.00
0.428571 0.928571 0.857143 1.00
0.500000 0.857143 0.857143 1.00
0.428571 0.857143 0.857143 -1.00
0.500000 0.928571 0.857143 -1.00
0.500000 0.857143 0.928571 -1.00
0.428571 0.928571 0.928571 -1.00
0.642857 0.071429 0.071429 1.00
0.571429 0.000000 0.071429 1.00
0.571429 0.071429 0.000000 1.00
0.642857 0.000000 0.000000 1.00
0.571429 0.000000 0.000000 -1.00
0.642857 0.071429 0.000000 -1.00
0.642857 0.000000 0.071429 -1.00
0.571429 0.071429 0.071429 -1.00
0.642857 0.071429 0.214286 1.00
0.571429 0.000000 0.214286 1.00
0.571429 0.071429 0.142857 1.00
0.642857 0.000000 0.142857 1.00
0.571429 0.000000 0.142857 -1.00
0.642857 0.071429 0.142857 -1.00
0.642857 0.000000 0.214286 -1.00
0.571429 0.071429 0.214286 -1.00
0.642857 0.071429 0.357143 1.00
0.571429 0.000000 0.357143 1.00
0.571429 0.071429 0.285714 1.00
0.642857 0.000000 0.285714 1.00
0.571429 0.000000 0.285714 -1.00
0.642857 0.071429 0.285714 -1.00
0.642857 0.000000 0.357143 -1.00
0.571429 0.071429 0.357143 -1.00
0.642857 0.071429 0.500000 1.00
0.571429 0.000000 0.500000 1.00
0.571429 0.071429 0.428571 1.00
0.642857 0.000000 0.428571 1.00
0.571429 0.000000 0.428571 -1.00
0.642857 0.071429 0.428571 -1.00
0.642857 0.000000 0.500000 -1.00
0.571429 0.071429 0.500000 -1.00
0.642857 0.071429 0.642857 1.00
0.571429 0.000000 0.642857 1.00
0.571429 0.071429 0.571429 1.00
0.642857 0.000000 0.571429 1.00
0.571429 0.000000 0.571429 -1.00
0.642857 0.071429 0.571429 -1.00
0.642857 0.000000 0.642857 -1.00
0.571429 0.071429 0.642857 -1.00
0.642857 0.071429 0.785714 1.00
0.571429 0.000000 0.785714 1.00
0.571429 0.071429 0.714286 1.00
0.642857 0.000000 0.714286 1.00
0.571429 0.000000 0.714286 -1.00
0.642857 0.071429 0.714286 -1.00
0.642857 0.000000 0.785714 -1.00
0.571429 0.071429 0.785714 -1.00
0.642857 0.071429 0.928571 1.00
0.571429 0.000000 0.928571 1.00
0.571429 0.071429 0.857143 1.00
0.642857 0.000000 0.857143 1.00
0.571429 0.000000 0.857143 -1.00
0.642857 0.071429 0.857143 -1.00
0.642857 0.000000 0.928571 -1.00
0.571429 0.071429 0.928571 -1.00
0.642857 0.214286 0.071429 1.00
0.571429 0.142857 0.071429 1.00
0.571429 0.214286 0.000000 1.00
0.642857 0.142857 0.000000 1.00
0.571429 0.142857 0.000000 -1.00
0.642857 0.214286 0.000000 -1.00
0.642857 0.142857 0.071429 -1.00
0.571429 0.214286 0.071429 -1.00
0.642857 0.214286 0.214286 1.00
0.571429 0.142857 0.214286 1.00
0.571429 0.214286 0.142857 1.00
0.642857 0.142857 0.142857 1.00
0.571429 0.142857 0.142857 -1.00
0.642857 0.214286 0.142857 -1.00
0.642857 0.142857 0.214286 -1.00
0.571429 0.214286 0.214286 -1.00
0.642857 0.214286 0.357143 1.00
0.571429 0.142857 0.357143 1.00
0.571429 0.214286 0.285714 1.00
0.642857 0.142857 0.285714 1.00
0.571429 0.142857 0.285714 -1.00
0.642857 0.214286 0.285714 -1.00
0.642857 0.142857 0.357143 -1.00
0.571429 0.214286 0.357143 -1.00
0.642857 0.214286 0.500000 1.00
0.571429 0.142857 0.500000 1.00
0.571429 0.214286 0.428571 1.00
0.642857 0.142857 0.428571 1.00
0.571429 0.142857 0.428571 -1.00
0.642857 0.214286 0.428571 -1.00
0.642857 0.142857 0.500000 -1.00
0.571429 0.214286 0.500000 -1.00
0.642857 0.214286 0.642857 1.00
0.571429 0.142857 0.642857 1.00
0.571429 0.214286 0.571429 1.00
0.642857 0.142857 0.571429 1.00
0.571429 0.142857 0.571429 -1.00
0.642857 0.214286 0.571429 -1.00
0.642857 0.142857 0.642857 -1.00
0.571429 0.214286 0.642857 -1.00
0.642857 0.214286 0.785714 1.00
0.571429 0.142857 0.785714 1.00
0.571429 0.214286 0.714286 1.00
0.642857 0.142857 0.714286 1.00
0.571429 0.142857 0.714286 -1.00
0.642857 0.214286 0.714286 -1.00
0.642857 0.142857 0.785714 -1.00
0.571429 0.214286 0.785714 -1.00
0.642857 0.214286 0.928571 1.00
0.571429 0.142857 0.928571 1.00
0.571429 0.214286 0.857143 1.00
0.642857 0.142857 0.857143 1.00
0.571429 0.142857 0.857143 -1.00
0.642857 0.214286 0.857143 -1.00
0.642857 0.142857 0.928571 -1.00
0.571429 0.214286 0.928571 -1.00
0.642857 0.357143 0.071429 1.00
0.571429 0.285714 0.071429 1.00
0.571429 0.357143 0.000000 1.00
0.642857 0.285714 0.000000 1.00
0.571429 0.285714 0.000000 -1.00
0.642857 0.357143 0.000000 -1.00
0.642857 0.285714 0.071429 -1.00
0.571429 0.357143 0.071429 -1.00
0.642857 0.357143 0.214286 1.00
0.571429 0.285714 0.214286 1.00
0.571429 0.357143 0.142857 1.00
0.642857 0.285714 0.142857 1.00
0.571429 0.285714 0.142857 -1.00
0.642857 0.357143 0.142857 -1.00
0.642857 0.285714 0.214286 -1.00
0.571429 0.285714 0.357143 1.00
0.571429 0.357143 0.285714 1.00
0.642857 0.285714 0.285714 1.00
0.571429 0.285714 0.285714 -1.00
0.642857 0.357143 0.285714 -1.00
0.642857 0.285714 0.357143 -1.00
0.571429 0.357143 0.357143 -1.00
0.642857 0.357143 0.500000 1.00
0.571429 0.285714 0.500000 1.00
0.571429 0.357143 0.428571 1.00
0.642857 0.285714 0.428571 1.00
0.571429 0.285714 0.428571 -1.00
0.642857 0.357143 0.428571 -1.00
0.642857 0.285714 0.500000 -1.00
0.571429 0.357143 0.500000 -1.00
0.642857 0.357143 0.642857 1.00
0.571429 0.285714 0.642857 1.00
0.571429 0.357143 0.571429 1.00
0.642857 0.285714 0.571429 1.00
0.571429 0.285714 0.571429 -1.00
0.642857 0.357143 0.571429 -1.00
0.642857 0.285714 0.642857 -1.00
0.571429 0.357143 0.642857 -1.00
0.642857 0.357143 0.785714 1.00
0.571429 0.285714 0.785714 1.00
0.571429 0.357143 0.714286 1.00
0.642857 0.285714 0.714286 1.00
0.571429 0.285714 0.714286 -1.00
0.642857 0.357143 0.714286 -1.00
0.642857 0.285714 0.785714 -1.00
0.571429 0.357143 0.785714 -1.00
0.642857 0.357143 0.928571 1.00
0.571429 0.285714 0.928571 1.00
0.571429 0.357143 0.857143 1.00
0.642857 0.285714 0.857143 1.00
0.571429 0.285714 0.857143 -1.00
0.642857 0.357143 0.857143 -1.00
0.642857 0.285714 0.928571 -1.00
0.571429 0.357143 0.928571 -1.00
0.642857 0.500000 0.071429 1.00
0.571429 0.428571 0.071429 1.00
0.571429 0.500000 0.000000 1.00
0.642857 0.428571 0.000000 1.00
0.571429 0.428571 0.000000 -1.00
0.642857 0.500000 0.000000 -1.00
0.642857 0.428571 0.071429 -1.00
0.571429 0.500000 0.071429 -1.00
0.642857 0.500000 0.214286 1.00
0.571429 0.428571 0.214286 1.00
0.571429 0.500000 0.142857 1.00
0.642857 0.428571 0.142857 1.00
0.571429 0.428571 0.142857 -1.00
0.642857 0.500000 0.142857 -1.00
0.642857 0.428571 0.214286 -1.00
0.571429 0.500000 0.214286 -1.00
0.642857 0.500000 0.357143 1.00
0.571429 0.428571 0.357143 1.00
0.571429 0.500000 0.285714 1.00
0.642857 0.428571 0.285714 1.00
0.571429 0.428571 0.285714 -1.00
0.642857 0.500000 0.285714 -1.00
0.571429 0.500000 0.428571 1.00
0.642857 0.428571 0.428571 1.00
0.571429 0.428571 0.428571 -1.00
0.642857 0.500000 0.428571 -1.00
0.642857 0.428571 0.500000 -1.00
0.571429 0.500000 0.500000 -1.00
0.642857 0.500000 0.642857 1.00
0.571429 0.428571 0.642857 1.00
0.571429 0.500000 0.571429 1.00
0.642857 0.428571 0.571429 1.00
0.571429 0.428571 0.571429 -1.00
0.642857 0.500000 0.571429 -1.00
0.642857 0.428571 0.642857 -1.00
0.571429 0.500000 0.642857 -1.00
0.642857 0.500000 0.785714 1.00
0.571429 0.428571 0.785714 1.00
0.571429 0.500000 0.714286 1.00
0.642857 0.428571 0.714286 1.00
0.571429 0.428571 0.714286 -1.00
0.642857 0.500000 0.714286 -1.00
0.642857 0.428571 0.785714 -1.00
0.571429 0.500000 0.785714 -1.00
0.642857 0.500000 0.928571 1.00
0.571429 0.428571 0.928571 1.00
0.571429 0.500000 0.857143 1.00
0.642857 0.428571 0.857143 1.00
0.571429 0.428571 0.857143 -1.00
0.642857 0.500000 0.857143 -1.00
0.642857 0.428571 0.928571 -1.00
0.571429 0.500000 0.928571 -1.00
0.642857 0.642857 0.071429 1.00
0.571429 0.571429 0.071429 1.00
0.571429 0.642857 0.000000 1.00
0.642857 0.571429 0.000000 1.00
0.571429 0.571429 0.000000 -1.00
0.642857 0.642857 0.000000 -1.00
0.642857 0.571429 0.071429 -1.00
0.571429 0.642857 0.071429 -1.00
0.642857 0.642857 0.214286 1.00
0.571429 0.571429 0.214286 1.00
0.571429 0.642857 0.142857 1.00
0.642857 0.571429 0.142857 1.00
0.571429 0.571429 0.142857 -1.00
0.642857 0.642857 0.142857 -1.00
0.642857 0.571429 0.214286 -1.00
0.571429 0.642857 0.214286 -1.00
0.642857 0.642857 0.357143 1.00
0.571429 0.571429 0.357143 1.00
0.571429 0.642857 0.285714 1.00
0.642857 0.571429 0.285714 1.00
0.571429 0.571429 0.285714 -1.00
0.642857 0.642857 0.285714 -1.00
0.642857 0.571429 0.357143 -1.00
0.571429 0.642857 0.357143 -1.00
0.642857 0.642857 0.500000 1.00
0.571429 0.571429 0.500000 1.00
0.571429 0.642857 0.428571 1.00
0.642857 0.571429 0.428571 1.00
0.571429 0.571429 0.428571 -1.00
0.642857 0.642857 0.428571 -1.00
0.642857 0.571429 0.500000 -1.00
0.571429 0.642857 0.500000 -1.00
0.642857 0.642857 0.642857 1.00
0.571429 0.571429 0.642857 1.00
0.571429 0.642857 0.571429 1.00
0.642857 0.571429 0.571429 1.00
0.571429 0.571429 0.571429 -1.00
0.642857 0.642857 0.571429 -1.00
0.642857 0.571429 0.642857 -1.00
0.571429 0.642857 0.642857 -1.00
0.642857 0.642857 0.785714 1.00
0.571429 0.571429 0.785714 1.00
0.571429 0.642857 0.714286 1.00
0.642857 0.571429 0.714286 1.00
0.571429 0.571429 0.714286 -1.00
0.642857 0.642857 0.714286 -1.00
0.642857 0.571429 0.785714 -1.00
0.571429 0.642857 0.785714 -1.00
0.642857 0.642857 0.928571 1.00
0.571429 0.571429 0.928571 1.00
0.571429 0.642857 0.857143 1.00
0.642857 0.571429 0.857143 1.00
0.571429 0.571429 0.857143 -1.00
0.642857 0.642857 0.857143 -1.00
0.642857 0.571429 0.928571 -1.00
0.571429 0.642857 0.928571 -1.00
0.642857 0.785714 0.071429 1.00
0.571429 0.714286 0.071429 1.00
0.571429 0.785714 0.000000 1.00
0.642857 0.714286 0.000000 1.00
0.571429 0.714286 0.000000 -1.00
0.642857 0.785714 0.000000 -1.00
0.642857 0.714286 0.071429 -1.00
0.571429 0.714286 0.214286 1.00
0.571429 0.785714 0.142857 1.00
0.642857 0.714286 0.142857 1.00
0.571429 0.714286 0.142857 -1.00
0.642857 0.785714 0.142857 -1.00
0.642857 0.714286 0.214286 -1.00
0.571429 0.785714 0.214286 -1.00
0.642857 0.785714 0.357143 1.00
0.571429 0.714286 0.357143 1.00
0.571429 0.785714 0.285714 1.00
0.642857 0.714286 0.285714 1.00
0.571429 0.714286 0.285714 -1.00
0.642857 0.785714 0.285714 -1.00
0.642857 0.714286 0.357143 -1.00
0.571429 0.785714 0.357143 -1.00
0.642857 0.785714 0.500000 1.00
0.571429 0.714286 0.500000 1.00
0.571429 0.785714 0.428571 1.00
0.642857 0.714286 0.428571 1.00
0.571429 0.714286 0.428571 -1.00
0.642857 0.785714 0.428571 -1.00
0.642857 0.714286 0.500000 -1.00
0.571429 0.785714 0.500000 -1.00
0.642857 0.785714 0.642857 1.00
0.571429 0.714286 0.642857 1.00
0.571429 0.785714 0.571429 1.00
0.642857 0.714286 0.571429 1.00
0.571429 0.714286 0.571429 -1.00
0.642857 0.785714 0.571429 -1.00
0.642857 0.714286 0.642857 -1.00
0.571429 0.785714 0.642857 -1.00
0.642857 0.785714 0.785714 1.00
0.571429 0.714286 0.785714 1.00
0.571429 0.785714 0.714286 1.00
0.642857 0.714286 0.714286 1.00
0.571429 0.714286 0.714286 -1.00
0.642857 0.785714 0.714286 -1.00
0.642857 0.714286 0.785714 -1.00
0.571429 0.785714 0.785714 -1.00
0.642857 0.785714 0.928571 1.00
0.571429 0.714286 0.928571 1.00
0.571429 0.785714 0.857143 1.00
0.642857 0.714286 0.857143 1.00
0.571429 0.714286 0.857143 -1.00
0.642857 0.785714 0.857143 -1.00
0.642857 0.714286 0.928571 -1.00
0.571429 0.785714 0.928571 -1.00
0.642857 0.928571 0.071429 1.00
0.571429 0.857143 0.071429 1.00
0.571429 0.928571 0.000000 1.00
0.642857 0.857143 0.000000 1.00
0.571429 0.857143 0.000000 -1.00
0.642857 0.928571 0.000000 -1.00
0.642857 0.857143 0.071429 -1.00
0.571429 0.928571 0.071429 -1.00
0.642857 0.928571 0.214286 1.00
0.571429 0.857143 0.214286 1.00
0.571429 0.928571 0.142857 1.00
0.642857 0.857143 0.142857 1.00
0.571429 0.857143 0.142857 -1.00
0.642857 0.928571 0.142857 -1.00
0.642857 0.857143 0.214286 -1.00
0.571429 0.928571 0.214286 -1.00
0.642857 0.928571 0.357143 1.00
0.571429 0.857143 0.357143 1.00
0.571429 0.928571 0.285714 1.00
0.642857 0.857143 0.285714 1.00
0.571429 0.857143 0.285714 -1.00
0.642857 0.928571 0.285714 -1.00
0.642857 0.857143 0.357143 -1.00
0.571429 0.928571 0.357143 -1.00
0.642857 0.928571 0.500000 1.00
0.571429 0.857143 0.500000 1.00
0.571429 0.928571 0.428571 1.00
0.642857 0.857143 0.428571 1.00
0.571429 0.857143 0.428571 -1.00
0.642857 0.928571 0.428571 -1.00
0.642857 0.857143 0.500000 -1.00
0.571429 0.928571 0.500000 -1.00
0.642857 0.928571 0.642857 1.00
0.571429 0.857143 0.642857 1.00
0.571429 0.928571 0.571429 1.00
0.642857 0.857143 0.571429 1.00
0.571429 0.857143 0.571429 -1.00
0.642857 0.928571 0.571429 -1.00
0.642857 0.857143 0.642857 -1.00
0.571429 0.928571 0.642857 -1.00
0.642857 0.928571 0.785714 1.00
0.571429 0.857143 0.785714 1.00
0.571429 0.928571 0.714286 1.00
0.642857 0.857143 0.714286 1.00
0.571429 0.857143 0.714286 -1.00
0.642857 0.928571 0.714286 -1.00
0.642857 0.857143 0.785714 -1.00
0.571429 0.928571 0.785714 -1.00
0.642857 0.928571 0.928571 1.00
0.571429 0.857143 0.928571 1.00
0.571429 0.928571 0.857143 1.00
0.642857 0.857143 0.857143 1.00
0.571429 0.857143 0.857143 -1.00
0.642857 0.928571 0.857143 -1.00
0.642857 0.857143 0.928571 -1.00
0.571429 0.928571 0.928571 -1.00
0.785714 0.071429 0.071429 1.00
0.714286 0.000000 0.071429 1.00
0.714286 0.071429 0.000000 1.00
0.785714 0.000000 0.000000 1.00
0.714286 0.000000 0.000000 -1.00
0.785714 0.071429 0.000000 -1.00
0.785714 0.000000 0.071429 -1.00
0.714286 0.071429 0.071429 -1.00
0.785714 0.071429 0.214286 1.00
0.714286 0.000000 0.214286 1.00
0.714286 0.071429 0.142857 1.00
0.785714 0.000000 0.142857 1.00
0.714286 0.000000 0.142857 -1.00
0.785714 0.071429 0.142857 -1.00
0.785714 0.000000 0.214286 -1.00
0.714286 0.071429 0.214286 -1.00
0.785714 0.071429 0.357143 1.00
0.714286 0.000000 0.357143 1.00
0.714286 0.071429 0.285714 1.00
0.785714 0.000000 0.285714 1.00
0.714286 0.000000 0.285714 -1.00
0.785714 0.071429 0.285714 -1.00
0.785714 0.000000 0.357143 -1.00
0.714286 0.071429 0.357143 -1.00
0.785714 0.071429 0.500000 1.00
0.714286 0.000000 0.500000 1.00
0.714286 0.071429 0.428571 1.00
0.785714 0.000000 0.428571 1.00
0.714286 0.000000 0.428571 -1.00
0.785714 0.071429 0.428571 -1.00
0.785714 0.000000 0.500000 -1.00
0.714286 0.071429 0.500000 -1.00
0.785714 0.071429 0.642857 1.00
0.714286 0.000000 0.642857 1.00
0.714286 0.071429 0.571429 1.00
0.785714 0.000000 0.571429 1.00
0.714286 0.000000 0.571429 -1.00
0.785714 0.000000 0.714286 1.00
0.714286 0.000000 0.714286 -1.00
0.785714 0.071429 0.714286 -1.00
0.785714 0.000000 0.785714 -1.00
0.714286 0.071429 0.785714 -1.00
0.785714 0.071429 0.928571 1.00
0.714286 0.000000 0.928571 1.00
0.714286 0.071429 0.857143 1.00
0.785714 0.000000 0.857143 1.00
0.714286 0.000000 0.857143 -1.00
0.785714 0.071429 0.857143 -1.00
0.785714 0.000000 0.928571 -1.00
0.714286 0.071429 0.928571 -1.00
0.785714 0.214286 0.071429 1.00
0.714286 0.142857 0.071429 1.00
0.714286 0.214286 0.000000 1.00
0.785714 0.142857 0.000000 1.00
0.714286 0.142857 0.000000 -1.00
0.785714 0.214286 0.000000 -1.00
0.785714 0.142857 0.071429 -1.00
0.714286 0.214286 0.071429 -1.00
0.785714 0.214286 0.214286 1.00
0.714286 0.142857 0.214286 1.00
0.714286 0.214286 0.142857 1.00
0.785714 0.142857 0.142857 1.00
0.714286 0.142857 0.142857 -1.00
0.785714 0.214286 0.142857 -1.00
0.785714 0.142857 0.214286 -1.00
0.714286 0.214286 0.214286 -1.00
0.785714 0.214286 0.357143 1.00
0.714286 0.142857 0.357143 1.00
0.714286 0.214286 0.285714 1.00
0.785714 0.142857 0.285714 1.00
0.714286 0.142857 0.285714 -1.00
0.785714 0.214286 0.285714 -1.00
0.785714 0.142857 0.357143 -1.00
0.714286 0.214286 0.357143 -1.00
0.785714 0.214286 0.500000 1.00
0.714286 0.142857 0.500000 1.00
0.714286 0.214286 0.428571 1.00
0.785714 0.142857 0.428571 1.00
0.714286 0.142857 0.428571 -1.00
0.785714 0.214286 0.428571 -1.00
0.785714 0.142857 0.500000 -1.00
0.714286 0.214286 0.500000 -1.00
0.785714 0.214286 0.642857 1.00
0.714286 0.142857 0.642857 1.00
0.714286 0.214286 0.571429 1.00
0.785714 0.142857 0.571429 1.00
0.714286 0.142857 0.571429 -1.00
0.785714 0.214286 0.571429 -1.00
0.785714 0.142857 0.642857 -1.00
0.714286 0.214286 0.642857 -1.00
0.785714 0.214286 0.785714 1.00
0.714286 0.142857 0.785714 1.00
0.714286 0.214286 0.714286 1.00
0.785714 0.142857 0.714286 1.00
0.714286 0.142857 0.714286 -1.00
0.785714 0.214286 0.714286 -1.00
0.785714 0.142857 0.785714 -1.00
0.714286 0.214286 0.785714 -1.00
0.785714 0.214286 0.928571 1.00
0.714286 0.142857 0.928571 1.00
0.714286 0.214286 0.857143 1.00
0.785714 0.142857 0.857143 1.00
0.714286 0.142857 0.857143 -1.00
0.785714 0.214286 0.857143 -1.00
0.785714 0.142857 0.928571 -1.00
0.714286 0.214286 0.928571 -1.00
0.785714 0.357143 0.071429 1.00
0.714286 0.285714 0.071429 1.00
0.714286 0.357143 0.000000 1.00
0.785714 0.285714 0.000000 1.00
0.714286 0.285714 0.000000 -1.00
0.785714 0.357143 0.000000 -1.00
0.785714 0.285714 0.071429 -1.00
0.714286 0.357143 0.071429 -1.00
0.785714 0.357143 0.214286 1.00
0.714286 0.285714 0.214286 1.00
0.714286 0.357143 0.142857 1.00
0.785714 0.285714 0.142857 1.00
0.714286 0.285714 0.142857 -1.00
0.785714 0.357143 0.142857 -1.00
0.785714 0.285714 0.214286 -1.00
0.714286 0.357143 0.214286 -1.00
0.785714 0.357143 0.357143 1.00
0.714286 0.285714 0.357143 1.00
0.714286 0.357143 0.285714 1.00
0.785714 0.285714 0.285714 1.00
0.714286 0.285714 0.285714 -1.00
0.785714 0.357143 0.285714 -1.00
0.785714 0.285714 0.357143 -1.00
0.714286 0.357143 0.357143 -1.00
0.785714 0.357143 0.500000 1.00
0.714286 0.285714 0.500000 1.00
0.714286 0.357143 0.428571 1.00
0.785714 0.285714 0.428571 1.00
0.714286 0.285714 0.428571 -1.00
0.785714 0.357143 0.428571 -1.00
0.785714 0.285714 0.500000 -1.00
0.714286 0.357143 0.500000 -1.00
0.785714 0.357143 0.642857 1.00
0.714286 0.285714 0.642857 1.00
0.714286 0.357143 0.571429 1.00
0.785714 0.285714 0.571429 1.00
0.714286 0.285714 0.571429 -1.00
0.785714 0.357143 0.571429 -1.00
0.785714 0.285714 0.642857 -1.00
0.714286 0.357143 0.642857 -1.00
0.785714 0.357143 0.785714 1.00
0.714286 0.285714 0.785714 1.00
0.714286 0.357143 0.714286 1.00
0.785714 0.285714 0.714286 1.00
0.714286 0.285714 0.714286 -1.00
0.785714 0.357143 0.714286 -1.00
0.785714 0.285714 0.785714 -1.00
0.714286 0.357143 0.785714 -1.00
0.785714 0.357143 0.928571 1.00
0.714286 0.285714 0.928571 1.00
0.714286 0.357143 0.857143 1.00
0.785714 0.285714 0.857143 1.00
0.714286 0.285714 0.857143 -1.00
0.785714 0.357143 0.857143 -1.00
0.785714 0.285714 0.928571 -1.00
0.714286 0.357143 0.928571 -1.00
0.785714 0.500000 0.071429 1.00
0.714286 0.428571 0.071429 1.00
0.714286 0.500000 0.000000 1.00
0.785714 0.500000 0.000000 -1.00
0.785714 0.428571 0.071429 -1.00
0.714286 0.500000 0.071429 -1.00
0.785714 0.500000 0.214286 1.00
0.714286 0.428571 0.214286 1.00
0.714286 0.500000 0.142857 1.00
0.785714 0.428571 0.142857 1.00
0.714286 0.428571 0.142857 -1.00
0.785714 0.500000 0.142857 -1.00
0.785714 0.428571 0.214286 -1.00
0.714286 0.500000 0.214286 -1.00
0.785714 0.500000 0.357143 1.00
0.714286 0.428571 0.357143 1.00
0.714286 0.500000 0.285714 1.00
0.785714 0.428571 0.285714 1.00
0.714286 0.428571 0.285714 -1.00
0.785714 0.500000 0.285714 -1.00
0.785714 0.428571 0.357143 -1.00
0.714286 0.500000 0.357143 -1.00
0.785714 0.500000 0.500000 1.00
0.714286 0.428571 0.500000 1.00
0.714286 0.500000 0.428571 1.00
0.785714 0.428571 0.428571 1.00
0.714286 0.428571 0.428571 -1.00
0.785714 0.500000 0.428571 -1.00
0.785714 0.428571 0.500000 -1.00
0.714286 0.500000 0.500000 -1.00
0.785714 0.500000 0.642857 1.00
0.714286 0.428571 0.642857 1.00
0.714286 0.500000 0.571429 1.00
0.785714 0.428571 0.571429 1.00
0.714286 0.428571 0.571429 -1.00
0.785714 0.500000 0.571429 -1.00
0.785714 0.428571 0.642857 -1.00
0.714286 0.500000 0.642857 -1.00
0.785714 0.500000 0.785714 1.00
0.714286 0.428571 0.785714 1.00
0.714286 0.500000 0.714286 1.00
0.785714 0.428571 0.714286 1.00
0.714286 0.428571 0.714286 -1.00
0.785714 0.500000 0.714286 -1.00
0.785714 0.428571 0.785714 -1.00
0.714286 0.500000 0.785714 -1.00
0.785714 0.500000 0.928571 1.00
0.714286 0.428571 0.928571 1.00
0.714286 0.500000 0.857143 1.00
0.785714 0.428571 0.857143 1.00
0.714286 0.428571 0.857143 -1.00
0.785714 0.500000 0.857143 -1.00
0.785714 0.428571 0.928571 -1.00
0.714286 0.500000 0.928571 -1.00
0.785714 0.642857 0.071429 1.00
0.714286 0.571429 0.071429 1.00
0.785714 0.571429 0.071429 -1.00
0.714286 0.642857 0.071429 -1.00
0.785714 0.642857 0.214286 1.00
0.714286 0.571429 0.214286 1.00
0.714286 0.642857 0.142857 1.00
0.785714 0.571429 0.142857 1.00
0.714286 0.571429 0.142857 -1.00
0.785714 0.642857 0.142857 -1.00
0.785714 0.571429 0.214286 -1.00
0.714286 0.642857 0.214286 -1.00
0.785714 0.642857 0.357143 1.00
0.714286 0.571429 0.357143 1.00
0.714286 0.642857 0.285714 1.00
0.785714 0.571429 0.285714 1.00
0.714286 0.571429 0.285714 -1.00
0.785714 0.642857 0.285714 -1.00
0.785714 0.571429 0.357143 -1.00
0.714286 0.642857 0.357143 -1.00
0.785714 0.642857 0.500000 1.00
0.714286 0.571429 0.500000 1.00
0.714286 0.642857 0.428571 1.00
0.785714 0.571429 0.428571 1.00
0.714286 0.571429 0.428571 -1.00
0.785714 0.642857 0.428571 -1.00
0.785714 0.571429 0.500000 -1.00
0.714286 0.642857 0.500000 -1.00
0.785714 0.642857 0.642857 1.00
0.714286 0.571429 0.642857 1.00
0.714286 0.642857 0.571429 1.00
0.785714 0.571429 0.571429 1.00
0.714286 0.571429 0.571429 -1.00
0.785714 0.642857 0.571429 -1.00
0.785714 0.571429 0.642857 -1.00
0.714286 0.642857 0.642857 -1.00
0.785714 0.642857 0.785714 1.00
0.714286 0.571429 0.785714 1.00
0.714286 0.642857 0.714286 1.00
0.785714 0.571429 0.714286 1.00
0.714286 0.571429 0.714286 -1.00
0.785714 0.642857 0.714286 -1.00
0.785714 0.571429 0.785714 -1.00
0.714286 0.642857 0.785714 -1.00
0.785714 0.642857 0.928571 1.00
0.714286 0.571429 0.928571 1.00
0.714286 0.642857 0.857143 1.00
0.785714 0.571429 0.857143 1.00
0.714286 0.571429 0.857143 -1.00
0.785714 0.642857 0.857143 -1.00
0.785714 0.571429 0.928571 -1.00
0.714286 0.642857 0.928571 -1.00
0.785714 0.785714 0.071429 1.00
0.714286 0.714286 0.071429 1.00
0.714286 0.785714 0.000000 1.00
0.785714 0.714286 0.000000 1.00
0.714286 0.714286 0.000000 -1.00
0.785714 0.785714 0.000000 -1.00
0.785714 0.714286 0.071429 -1.00
0.714286 0.785714 0.071429 -1.00
0.785714 0.785714 0.214286 1.00
0.714286 0.714286 0.214286 1.00
0.714286 0.785714 0.142857 1.00
0.785714 0.714286 0.142857 1.00
0.714286 0.714286 0.142857 -1.00
0.785714 0.785714 0.142857 -1.00
0.785714 0.714286 0.214286 -1.00
0.714286 0.785714 0.214286 -1.00
0.785714 0.785714 0.357143 1.00
0.714286 0.714286 0.357143 1.00
0.714286 0.785714 0.285714 1.00
0.785714 0.714286 0.285714 1.00
0.714286 0.714286 0.285714 -1.00
0.785714 0.785714 0.285714 -1.00
0.785714 0.714286 0.357143 -1.00
0.714286 0.785714 0.357143 -1.00
0.785714 0.785714 0.500000 1.00
0.714286 0.714286 0.500000 1.00
0.714286 0.785714 0.428571 1.00
0.785714 0.714286 0.428571 1.00
0.714286 0.714286 0.428571 -1.00
0.785714 0.785714 0.428571 -1.00
0.785714 0.714286 0.500000 -1.00
0.714286 0.785714 0.500000 -1.00
0.785714 0.785714 0.642857 1.00
0.714286 0.714286 0.642857 1.00
0.714286 0.785714 0.571429 1.00
0.785714 0.714286 0.571429 1.00
0.714286 0.714286 0.571429 -1.00
0.785714 0.785714 0.571429 -1.00
0.785714 0.714286 0.642857 -1.00
0.714286 0.785714 0.642857 -1.00
0.785714 0.785714 0.785714 1.00
0.714286 0.714286 0.785714 1.00
0.714286 0.785714 0.714286 1.00
0.785714 0.714286 0.714286 1.00
0.714286 0.714286 0.714286 -1.00
0.785714 0.785714 0.714286 -1.00
0.785714 0.714286 0.785714 -1.00
0.714286 0.785714 0.785714 -1.00
0.785714 0.785714 0.928571 1.00
0.714286 0.714286 0.928571 1.00
0.714286 0.785714 0.857143 1.00
0.785714 0.714286 0.857143 1.00
0.714286 0.714286 0.857143 -1.00
0.785714 0.785714 0.857143 -1.00
0.785714 0.714286 0.928571 -1.00
0.714286 0.785714 0.928571 -1.00
0.785714 0.928571 0.071429 1.00
0.714286 0.857143 0.071429 1.00
0.714286 0.928571 0.000000 1.00
0.785714 0.857143 0.000000 1.00
0.714286 0.857143 0.000000 -1.00
0.785714 0.928571 0.000000 -1.00
0.785714 0.857143 0.071429 -1.00
0.714286 0.928571 0.071429 -1.00
0.785714 0.928571 0.214286 1.00
0.714286 0.857143 0.214286 1.00
0.714286 0.928571 0.142857 1.00
0.785714 0.857143 0.142857 1.00
0.714286 0.857143 0.142857 -1.00
0.785714 0.928571 0.142857 -1.00
0.785714 0.857143 0.214286 -1.00
0.714286 0.928571 0.214286 -1.00
0.785714 0.928571 0.357143 1.00
0.714286 0.857143 0.357143 1.00
0.714286 0.928571 0.285714 1.00
0.785714 0.857143 0.285714 1.00
0.714286 0.857143 0.285714 -1.00
0.785714 0.928571 0.285714 -1.00
0.785714 0.857143 0.357143 -1.00
0.714286 0.928571 0.357143 -1.00
0.785714 0.928571 0.500000 1.00
0.714286 0.857143 0.500000 1.00
0.714286 0.928571 0.428571 1.00
0.785714 0.857143 0.428571 1.00
0.714286 0.857143 0.428571 -1.00
0.785714 0.928571 0.428571 -1.00
0.785714 0.857143 0.500000 -1.00
0.714286 0.928571 0.500000 -1.00
0.785714 0.928571 0.642857 1.00
0.714286 0.857143 0.642857 1.00
0.714286 0.928571 0.571429 1.00
0.785714 0.857143 0.571429 1.00
0.714286 0.857143 0.571429 -1.00
0.785714 0.928571 0.571429 -1.00
0.785714 0.857143 0.642857 -1.00
0.714286 0.928571 0.642857 -1.00
0.785714 0.928571 0.785714 1.00
0.714286 0.857143 0.785714 1.00
0.714286 0.928571 0.714286 1.00
0.785714 0.857143 0.714286 1.00
0.714286 0.857143 0.714286 -1.00
0.785714 0.928571 0.714286 -1.00
0.785714 0.857143 0.785714 -1.00
0.714286 0.928571 0.785714 -1.00
0.785714 0.928571 0.928571 1.00
0.714286 0.857143 0.928571 1.00
0.714286 0.928571 0.857143 1.00
0.785714 0.857143 0.857143 1.00
0.714286 0.857143 0.857143 -1.00
0.785714 0.928571 0.857143 -1.00
0.785714 0.857143 0.928571 -1.00
0.714286 0.928571 0.928571 -1.00
0.928571 0.071429 0.071429 1.00
0.857143 0.000000 0.071429 1.00
0.857143 0.071429 0.000000 1.00
0.928571 0.000000 0.000000 1.00
0.857143 0.000000 0.000000 -1.00
0.928571 0.071429 0.000000 -1.00
0.928571 0.000000 0.071429 -1.00
0.857143 0.071429 0.071429 -1.00
0.928571 0.071429 0.214286 1.00
0.857143 0.000000 0.214286 1.00
0.857143 0.071429 0.142857 1.00
0.928571 0.000000 0.142857 1.00
0.857143 0.000000 0.142857 -1.00
0.928571 0.071429 0.142857 -1.00
0.928571 0.000000 0.214286 -1.00
0.857143 0.071429 0.214286 -1.00
0.928571 0.071429 0.357143 1.00
0.857143 0.000000 0.357143 1.00
0.857143 0.071429 0.285714 1.00
0.928571 0.000000 0.285714 1.00
0.857143 0.000000 0.285714 -1.00
0.928571 0.071429 0.285714 -1.00
0.928571 0.000000 0.357143 -1.00
0.857143 0.071429 0.357143 -1.00
0.928571 0.071429 0.500000 1.00
0.857143 0.000000 0.500000 1.00
0.857143 0.071429 0.428571 1.00
0.928571 0.000000 0.428571 1.00
0.857143 0.000000 0.428571 -1.00
0.928571 0.071429 0.428571 -1.00
0.928571 0.000000 0.500000 -1.00
0.857143 0.071429 0.500000 -1.00
0.928571 0.071429 0.642857 1.00
0.857143 0.000000 0.642857 1.00
0.857143 0.071429 0.571429 1.00
0.928571 0.071429 0.571429 -1.00
0.928571 0.000000 0.642857 -1.00
0.857143 0.071429 0.642857 -1.00
0.928571 0.071429 0.785714 1.00
0.857143 0.000000 0.785714 1.00
0.928571 0.000000 0.785714 -1.00
0.857143 0.071429 0.785714 -1.00
0.928571 0.071429 0.928571 1.00
.857143 0.071429 0.928571 -1.00
0.928571 0.214286 0.071429 1.00
0.857143 0.142857 0.071429 1.00
0.857143 0.214286 0.000000 1.00
0.928571 0.142857 0.000000 1.00
0.857143 0.142857 0.000000 -1.00
0.928571 0.214286 0.000000 -1.00
0.928571 0.142857 0.071429 -1.00
0.857143 0.214286 0.071429 -1.00
0.928571 0.214286 0.214286 1.00
0.857143 0.142857 0.214286 1.00
0.857143 0.214286 0.142857 1.00
0.928571 0.142857 0.142857 1.00
0.857143 0.142857 0.142857 -1.00
0.928571 0.214286 0.142857 -1.00
0.928571 0.142857 0.214286 -1.00
0.857143 0.214286 0.214286 -1.00
0.928571 0.214286 0.357143 1.00
0.857143 0.142857 0.357143 1.00
0.857143 0.214286 0.285714 1.00
0.928571 0.142857 0.285714 1.00
0.857143 0.142857 0.285714 -1.00
0.928571 0.214286 0.285714 -1.00
0.928571 0.142857 0.357143 -1.00
0.857143 0.214286 0.357143 -1.00
0.928571 0.214286 0.500000 1.00
0.857143 0.142857 0.500000 1.00
0.857143 0.214286 0.428571 1.00
0.928571 0.142857 0.428571 1.00
0.857143 0.142857 0.428571 -1.00
0.928571 0.214286 0.428571 -1.00
0.928571 0.142857 0.500000 -1.00
0.857143 0.214286 0.500000 -1.00
0.928571 0.214286 0.642857 1.00
0.857143 0.142857 0.642857 1.00
0.857143 0.214286 0.571429 1.00
0.928571 0.142857 0.571429 1.00
0.857143 0.142857 0.571429 -1.00
0.928571 0.214286 0.571429 -1.00
0.928571 0.142857 0.642857 -1.00
0.857143 0.214286 0.642857 -1.00
0.928571 0.214286 0.785714 1.00
0.857143 0.142857 0.785714 1.00
0.857143 0.214286 0.714286 1.00
0.928571 0.142857 0.714286 1.00
0.857143 0.142857 0.714286 -1.00
0.928571 0.214286 0.714286 -1.00
0.928571 0.142857 0.785714 -1.00
0.857143 0.214286 0.785714 -1.00
0.928571 0.214286 0.928571 1.00
0.857143 0.142857 0.928571 1.00
0.857143 0.214286 0.857143 1.00
0.928571 0.142857 0.857143 1.00
0.928571 0.357143 0.214286 1.00
0.857143 0.285714 0.214286 1.00
0.857143 0.357143 0.142857 1.00
0.928571 0.285714 0.142857 1.00
0.857143 0.285714 0.142857 -1.00
0.928571 0.357143 0.142857 -1.00
0.928571 0.285714 0.214286 -1.00
0.857143 0.357143 0.214286 -1.00
0.928571 0.357143 0.357143 1.00
0.857143 0.285714 0.357143 1.00
0.857143 0.357143 0.285714 1.00
0.928571 0.285714 0.285714 1.00
0.857143 0.285714 0.285714 -1.00
0.928571 0.357143 0.285714 -1.00
0.928571 0.285714 0.357143 -1.00
0.857143 0.357143 0.357143 -1.00
0.928571 0.357143 0.500000 1.00
0.857143 0.285714 0.500000 1.00
0.857143 0.357143 0.428571 1.00
0.928571 0.285714 0.428571 1.00
0.857143 0.285714 0.428571 -1.00
0.928571 0.357143 0.428571 -1.00
0.928571 0.285714 0.500000 -1.00
0.857143 0.357143 0.500000 -1.00
0.928571 0.357143 0.642857 1.00
0.857143 0.285714 0.642857 1.00
0.857143 0.357143 0.571429 1.00
0.928571 0.285714 0.571429 1.00
0.857143 0.285714 0.571429 -1.00
0.928571 0.357143 0.571429 -1.00
0.928571 0.285714 0.642857 -1.00
0.857143 0.357143 0.642857 -1.00
0.928571 0.357143 0.785714 1.00
0.857143 0.285714 0.785714 1.00
0.857143 0.357143 0.714286 1.00
0.928571 0.285714 0.714286 1.00
0.857143 0.285714 0.714286 -1.00
0.928571 0.357143 0.714286 -1.00
0.928571 0.285714 0.785714 -1.00
0.857143 0.357143 0.785714 -1.00
0.928571 0.357143 0.928571 1.00
0.857143 0.285714 0.928571 1.00
0.857143 0.357143 0.857143 1.00
0.928571 0.285714 0.857143 1.00
0.857143 0.285714 0.857143 -1.00
0.928571 0.357143 0.857143 -1.00
0.928571 0.285714 0.928571 -1.00
0.857143 0.357143 0.928571 -1.00
0.928571 0.500000 0.071429 1.00
0.857143 0.428571 0.071429 1.00
0.857143 0.500000 0.000000 1.00
0.928571 0.428571 0.000000 1.00
0.857143 0.428571 0.000000 -1.00
0.928571 0.500000 0.000000 -1.00
0.928571 0.428571 0.071429 -1.00
0.857143 0.500000 0.071429 -1.00
0.928571 0.500000 0.214286 1.00
0.857143 0.428571 0.214286 1.00
0.857143 0.500000 0.142857 1.00
0.928571 0.428571 0.142857 1.00
0.857143 0.428571 0.142857 -1.00
0.928571 0.500000 0.142857 -1.00
0.928571 0.428571 0.214286 -1.00
0.857143 0.500000 0.214286 -1.00
0.928571 0.500000 0.357143 1.00
0.857143 0.428571 0.357143 1.00
0.857143 0.500000 0.285714 1.00
0.928571 0.428571 0.285714 1.00
0.857143 0.428571 0.285714 -1.00
0.928571 0.500000 0.285714 -1.00
0.928571 0.428571 0.357143 -1.00
0.857143 0.500000 0.357143 -1.00
0.928571 0.500000 0.500000 1.00
0.857143 0.428571 0.500000 1.00
0.857143 0.500000 0.428571 1.00
0.928571 0.428571 0.428571 1.00
0.857143 0.428571 0.428571 -1.00
0.928571 0.500000 0.428571 -1.00
0.928571 0.428571 0.500000 -1.00
0.857143 0.500000 0.500000 -1.00
0.928571 0.500000 0.642857 1.00
0.857143 0.428571 0.642857 1.00
0.857143 0.500000 0.571429 1.00
0.928571 0.428571 0.571429 1.00
0.857143 0.428571 0.571429 -1.00
0.928571 0.500000 0.571429 -1.00
0.928571 0.428571 0.642857 -1.00
0.857143 0.500000 0.642857 -1.00
0.928571 0.500000 0.785714 1.00
0.857143 0.428571 0.785714 1.00
0.857143 0.500000 0.714286 1.00
0.928571 0.642857 0.000000 -1.00
0.928571 0.571429 0.071429 -1.00
0.857143 0.642857 0.071429 -1.00
0.928571 0.642857 0.214286 1.00
0.857143 0.571429 0.214286 1.00
0.857143 0.642857 0.142857 1.00
0.928571 0.571429 0.142857 1.00
0.857143 0.571429 0.142857 -1.00
0.928571 0.642857 0.142857 -1.00
0.928571 0.571429 0.214286 -1.00
0.857143 0.642857 0.214286 -1.00
0.928571 0.642857 0.357143 1.00
0.857143 0.571429 0.357143 1.00
0.857143 0.642857 0.285714 1.00
0.928571 0.571429 0.285714 1.00
0.857143 0.571429 0.285714 -1.00
0.928571 0.642857 0.285714 -1.00
0.928571 0.571429 0.357143 -1.00
0.857143 0.642857 0.357143 -1.00
0.928571 0.642857 0.500000 1.00
0.857143 0.571429 0.500000 1.00
0.857143 0.642857 0.428571 1.00
0.928571 0.571429 0.428571 1.00
0.857143 0.571429 0.428571 -1.00
0.928571 0.642857 0.428571 -1.00
0.928571 0.571429 0.500000 -1.00
0.857143 0.642857 0.500000 -1.00
0.928571 0.642857 0.642857 1.00
0.857143 0.571429 0.642857 1.00
0.857143 0.642857 0.571429 1.00
0.928571 0.571429 0.571429 1.00
0.857143 0.571429 0.571429 -1.00
0.928571 0.642857 0.571429 -1.00
0.928571 0.571429 0.642857 -1.00
0.857143 0.571429 0.785714 1.00
0.857143 0.642857 0.714286 1.00
0.928571 0.571429 0.714286 1.00
0.857143 0.571429 0.714286 -1.00
0.928571 0.642857 0.714286 -1.00
0.928571 0.571429 0.785714 -1.00
0.857143 0.642857 0.785714 -1.00
0.928571 0.642857 0.928571 1.00
0.857143 0.571429 0.928571 1.00
0.857143 0.642857 0.857143 1.00
0.928571 0.571429 0.857143 1.00
0.857143 0.571429 0.857143 -1.00
0.928571 0.642857 0.857143 -1.00
0.928571 0.571429 0.928571 -1.00
0.857143 0.642857 0.928571 -1.00
0.928571 0.785714 0.071429 1.00
0.857143 0.714286 0.071429 1.00
0.857143 0.785714 0.000000 1.00
0.928571 0.714286 0.000000 1.00
0.857143 0.714286 0.000000 -1.00
0.928571 0.785714 0.000000 -1.00
0.928571 0.714286 0.071429 -1.00
0.857143 0.785714 0.071429 -1.00
0.928571 0.785714 0.214286 1.00
0.857143 0.714286 0.214286 1.00
0.857143 0.785714 0.142857 1.00
0.928571 0.714286 0.142857 1.00
0.857143 0.714286 0.142857 -1.00
0.928571 0.785714 0.142857 -1.00
0.928571 0.714286 0.214286 -1.00
0.857143 0.785714 0.214286 -1.00
0.928571 0.785714 0.357143 1.00
0.857143 0.714286 0.357143 1.00
0.857143 0.785714 0.285714 1.00
0.928571 0.714286 0.285714 1.00
0.857143 0.714286 0.285714 -1.00
0.928571 0.785714 0.285714 -1.00
0.928571 0.714286 0.357143 -1.00
0.857143 0.714286 0.500000 1.00
0.857143 0.785714 0.428571 1.00
0.928571 0.714286 0.428571 1.00
0.857143 0.714286 0.428571 -1.00
0.928571 0.785714 0.428571 -1.00
0.928571 0.714286 0.500000 -1.00
0.857143 0.785714 0.500000 -1.00
0.928571 0.785714 0.642857 1.00
0.857143 0.714286 0.642857 1.00
0.857143 0.785714 0.571429 1.00
0.928571 0.714286 0.571429 1.00
0.857143 0.714286 0.571429 -1.00
0.928571 0.785714 0.571429 -1.00
0.928571 0.714286 0.642857 -1.00
0.857143 0.785714 0.785714 -1.00
0.928571 0.785714 0.928571 1.00
0.857143 0.714286 0.928571 1.00
0.857143 0.785714 0.857143 1.00
0.928571 0.714286 0.857143 1.00
0.857143 0.714286 0.857143 -1.00
0.928571 0.785714 0.857143 -1.00
0.928571 0.714286 0.928571 -1.00
0.857143 0.785714 0.928571 -1.00
0.928571 0.928571 0.071429 1.00
0.857143 0.857143 0.071429 1.00
0.857143 0.928571 0.000000 1.00
0.928571 0.857143 0.000000 1.00
0.857143 0.857143 0.000000 -1.00
0.928571 0.928571 0.000000 -1.00
0.928571 0.857143 0.071429 -1.00
0.857143 0.928571 0.071429 -1.00
0.928571 0.928571 0.214286 1.00
0.857143 0.857143 0.214286 1.00
0.857143 0.928571 0.142857 1.00
0.928571 0.857143 0.142857 1.00
0.857143 0.857143 0.142857 -1.00
0.928571 0.928571 0.142857 -1.00
0.928571 0.857143 0.214286 -1.00
0.857143 0.928571 0.214286 -1.00
0.928571 0.928571 0.357143 1.00
0.857143 0.857143 0.357143 1.00
0.857143 0.928571 0.285714 1.00
0.928571 0.857143 0.285714 1.00
0.857143 0.857143 0.285714 -1.00
0.928571 0.928571 0.285714 -1.00
0.928571 0.857143 0.357143 -1.00
0.857143 0.928571 0.357143 -1.00
0.928571 0.928571 0.500000 1.00
0.857143 0.857143 0.500000 1.00
0.857143 0.928571 0.428571 1.00
0.928571 0.928571 0.428571 -1.00
0.928571 0.857143 0.500000 -1.00
0.857143 0.928571 0.500000 -1.00
0.928571 0.928571 0.642857 1.00
0.857143 0.857143 0.642857 1.00
0.857143 0.928571 0.571429 1.00
0.928571 0.857143 0.571429 1.00
0.857143 0.857143 0.571429 -1.00
0.928571 0.928571 0.571429 -1.00
0.928571 0.857143 0.642857 -1.00
0.857143 0.928571 0.642857 -1.00
0.928571 0.928571 0.785714 1.00
0.857143 0.857143 0.785714 1.00
0.857143 0.928571 0.714286 1.00
0.928571 0.928571 0.714286 -1.00
0.928571 0.857143 0.785714 -1.00
0.857143 0.928571 0.785714 -1.00
141 141 141
0.31 10 1 30 
