NaCl 4x4x4
42.64 42.64 42.64
90.0 90.0 90.0
512
0.9125000 0.125000 0.125000 1.0
0.000000 0.000000 0.125000 1.0
0.000000 0.125000 0.000000 1.0
0.125000 0.000000 0.000000 1.0
0.000000 0.000000 0.000000 -1.0
0.125000 0.125000 0.000000 -1.0
0.125000 0.000000 0.125000 -1.0
0.000000 0.125000 0.125000 -1.0
0.125000 0.125000 0.375000 1.0
0.000000 0.000000 0.375000 1.0
0.000000 0.125000 0.250000 1.0
0.125000 0.000000 0.250000 1.0
0.000000 0.000000 0.250000 -1.0
0.125000 0.125000 0.250000 -1.0
0.125000 0.000000 0.375000 -1.0
0.000000 0.125000 0.375000 -1.0
0.125000 0.125000 0.625000 1.0
0.000000 0.000000 0.625000 1.0
0.000000 0.125000 0.500000 1.0
0.125000 0.000000 0.500000 1.0
0.000000 0.000000 0.500000 -1.0
0.125000 0.125000 0.500000 -1.0
0.125000 0.000000 0.625000 -1.0
0.000000 0.125000 0.625000 -1.0
0.125000 0.125000 0.875000 1.0
0.000000 0.000000 0.875000 1.0
0.000000 0.125000 0.750000 1.0
0.125000 0.000000 0.750000 1.0
0.000000 0.000000 0.750000 -1.0
0.125000 0.125000 0.750000 -1.0
0.125000 0.000000 0.875000 -1.0
0.000000 0.125000 0.875000 -1.0
0.125000 0.375000 0.125000 1.0
0.000000 0.250000 0.125000 1.0
0.000000 0.375000 0.000000 1.0
0.125000 0.250000 0.000000 1.0
0.000000 0.250000 0.000000 -1.0
0.125000 0.375000 0.000000 -1.0
0.125000 0.250000 0.125000 -1.0
0.000000 0.375000 0.125000 -1.0
0.125000 0.375000 0.375000 1.0
0.000000 0.250000 0.375000 1.0
0.000000 0.375000 0.250000 1.0
0.125000 0.250000 0.250000 1.0
0.000000 0.250000 0.250000 -1.0
0.125000 0.375000 0.250000 -1.0
0.125000 0.250000 0.375000 -1.0
0.000000 0.375000 0.375000 -1.0
0.125000 0.375000 0.625000 1.0
0.000000 0.250000 0.625000 1.0
0.000000 0.375000 0.500000 1.0
0.125000 0.250000 0.500000 1.0
0.000000 0.250000 0.500000 -1.0
0.125000 0.375000 0.500000 -1.0
0.125000 0.250000 0.625000 -1.0
0.000000 0.375000 0.625000 -1.0
0.125000 0.375000 0.875000 1.0
0.000000 0.250000 0.875000 1.0
0.000000 0.375000 0.750000 1.0
0.125000 0.250000 0.750000 1.0
0.000000 0.250000 0.750000 -1.0
0.125000 0.375000 0.750000 -1.0
0.125000 0.250000 0.875000 -1.0
0.000000 0.375000 0.875000 -1.0
0.125000 0.625000 0.125000 1.0
0.000000 0.500000 0.125000 1.0
0.000000 0.625000 0.000000 1.0
0.125000 0.500000 0.000000 1.0
0.000000 0.500000 0.000000 -1.0
0.125000 0.625000 0.000000 -1.0
0.125000 0.500000 0.125000 -1.0
0.000000 0.625000 0.125000 -1.0
0.125000 0.625000 0.375000 1.0
0.000000 0.500000 0.375000 1.0
0.000000 0.625000 0.250000 1.0
0.125000 0.500000 0.250000 1.0
0.000000 0.500000 0.250000 -1.0
0.125000 0.625000 0.250000 -1.0
0.125000 0.500000 0.375000 -1.0
0.000000 0.625000 0.375000 -1.0
0.125000 0.625000 0.625000 1.0
0.000000 0.500000 0.625000 1.0
0.000000 0.625000 0.500000 1.0
0.125000 0.500000 0.500000 1.0
0.000000 0.500000 0.500000 -1.0
0.125000 0.625000 0.500000 -1.0
0.125000 0.500000 0.625000 -1.0
0.000000 0.625000 0.625000 -1.0
0.125000 0.625000 0.875000 1.0
0.000000 0.500000 0.875000 1.0
0.000000 0.625000 0.750000 1.0
0.125000 0.500000 0.750000 1.0
0.000000 0.500000 0.750000 -1.0
0.125000 0.625000 0.750000 -1.0
0.125000 0.500000 0.875000 -1.0
0.000000 0.625000 0.875000 -1.0
0.125000 0.875000 0.125000 1.0
0.000000 0.750000 0.125000 1.0
0.000000 0.875000 0.000000 1.0
0.125000 0.750000 0.000000 1.0
0.000000 0.750000 0.000000 -1.0
0.125000 0.875000 0.000000 -1.0
0.125000 0.750000 0.125000 -1.0
0.000000 0.875000 0.125000 -1.0
0.125000 0.875000 0.375000 1.0
0.000000 0.750000 0.375000 1.0
0.000000 0.875000 0.250000 1.0
0.125000 0.750000 0.250000 1.0
0.000000 0.750000 0.250000 -1.0
0.125000 0.875000 0.250000 -1.0
0.125000 0.750000 0.375000 -1.0
0.000000 0.875000 0.375000 -1.0
0.125000 0.875000 0.625000 1.0
0.000000 0.750000 0.625000 1.0
0.000000 0.875000 0.500000 1.0
0.125000 0.750000 0.500000 1.0
0.000000 0.750000 0.500000 -1.0
0.125000 0.875000 0.500000 -1.0
0.125000 0.750000 0.625000 -1.0
0.000000 0.875000 0.625000 -1.0
0.125000 0.875000 0.875000 1.0
0.000000 0.750000 0.875000 1.0
0.000000 0.875000 0.750000 1.0
0.125000 0.750000 0.750000 1.0
0.000000 0.750000 0.750000 -1.0
0.125000 0.875000 0.750000 -1.0
0.125000 0.750000 0.875000 -1.0
0.000000 0.875000 0.875000 -1.0
0.375000 0.125000 0.125000 1.0
0.250000 0.000000 0.125000 1.0
0.250000 0.125000 0.000000 1.0
0.375000 0.000000 0.000000 1.0
0.250000 0.000000 0.000000 -1.0
0.375000 0.125000 0.000000 -1.0
0.375000 0.000000 0.125000 -1.0
0.250000 0.125000 0.125000 -1.0
0.375000 0.125000 0.375000 1.0
0.250000 0.000000 0.375000 1.0
0.250000 0.125000 0.250000 1.0
0.375000 0.000000 0.250000 1.0
0.250000 0.000000 0.250000 -1.0
0.375000 0.125000 0.250000 -1.0
0.375000 0.000000 0.375000 -1.0
0.250000 0.125000 0.375000 -1.0
0.375000 0.125000 0.625000 1.0
0.250000 0.000000 0.625000 1.0
0.250000 0.125000 0.500000 1.0
0.375000 0.000000 0.500000 1.0
0.250000 0.000000 0.500000 -1.0
0.375000 0.125000 0.500000 -1.0
0.375000 0.000000 0.625000 -1.0
0.250000 0.125000 0.625000 -1.0
0.375000 0.125000 0.875000 1.0
0.250000 0.000000 0.875000 1.0
0.250000 0.125000 0.750000 1.0
0.375000 0.000000 0.750000 1.0
0.250000 0.000000 0.750000 -1.0
0.375000 0.125000 0.750000 -1.0
0.375000 0.000000 0.875000 -1.0
0.250000 0.125000 0.875000 -1.0
0.375000 0.375000 0.125000 1.0
0.250000 0.250000 0.125000 1.0
0.250000 0.375000 0.000000 1.0
0.375000 0.250000 0.000000 1.0
0.250000 0.250000 0.000000 -1.0
0.375000 0.375000 0.000000 -1.0
0.375000 0.250000 0.125000 -1.0
0.250000 0.375000 0.125000 -1.0
0.375000 0.375000 0.375000 1.0
0.250000 0.250000 0.375000 1.0
0.250000 0.375000 0.250000 1.0
0.375000 0.250000 0.250000 1.0
0.250000 0.250000 0.250000 -1.0
0.375000 0.375000 0.250000 -1.0
0.375000 0.250000 0.375000 -1.0
0.250000 0.375000 0.375000 -1.0
0.375000 0.375000 0.625000 1.0
0.250000 0.250000 0.625000 1.0
0.250000 0.375000 0.500000 1.0
0.375000 0.250000 0.500000 1.0
0.250000 0.250000 0.500000 -1.0
0.375000 0.375000 0.500000 -1.0
0.375000 0.250000 0.625000 -1.0
0.250000 0.375000 0.625000 -1.0
0.375000 0.375000 0.875000 1.0
0.250000 0.250000 0.875000 1.0
0.250000 0.375000 0.750000 1.0
0.375000 0.250000 0.750000 1.0
0.250000 0.250000 0.750000 -1.0
0.375000 0.375000 0.750000 -1.0
0.375000 0.250000 0.875000 -1.0
0.250000 0.375000 0.875000 -1.0
0.375000 0.625000 0.125000 1.0
0.250000 0.500000 0.125000 1.0
0.250000 0.625000 0.000000 1.0
0.375000 0.500000 0.000000 1.0
0.250000 0.500000 0.000000 -1.0
0.375000 0.625000 0.000000 -1.0
0.375000 0.500000 0.125000 -1.0
0.250000 0.625000 0.125000 -1.0
0.375000 0.625000 0.375000 1.0
0.250000 0.500000 0.375000 1.0
0.250000 0.625000 0.250000 1.0
0.375000 0.500000 0.250000 1.0
0.250000 0.500000 0.250000 -1.0
0.375000 0.625000 0.250000 -1.0
0.375000 0.500000 0.375000 -1.0
0.250000 0.625000 0.375000 -1.0
0.375000 0.625000 0.625000 1.0
0.250000 0.500000 0.625000 1.0
0.250000 0.625000 0.500000 1.0
0.375000 0.500000 0.500000 1.0
0.250000 0.500000 0.500000 -1.0
0.375000 0.625000 0.500000 -1.0
0.375000 0.500000 0.625000 -1.0
0.250000 0.625000 0.625000 -1.0
0.375000 0.625000 0.875000 1.0
0.250000 0.500000 0.875000 1.0
0.250000 0.625000 0.750000 1.0
0.375000 0.500000 0.750000 1.0
0.250000 0.500000 0.750000 -1.0
0.375000 0.625000 0.750000 -1.0
0.375000 0.500000 0.875000 -1.0
0.250000 0.625000 0.875000 -1.0
0.375000 0.875000 0.125000 1.0
0.250000 0.750000 0.125000 1.0
0.250000 0.875000 0.000000 1.0
0.375000 0.750000 0.000000 1.0
0.250000 0.750000 0.000000 -1.0
0.375000 0.875000 0.000000 -1.0
0.375000 0.750000 0.125000 -1.0
0.250000 0.875000 0.125000 -1.0
0.375000 0.875000 0.375000 1.0
0.250000 0.750000 0.375000 1.0
0.250000 0.875000 0.250000 1.0
0.375000 0.750000 0.250000 1.0
0.250000 0.750000 0.250000 -1.0
0.375000 0.875000 0.250000 -1.0
0.375000 0.750000 0.375000 -1.0
0.250000 0.875000 0.375000 -1.0
0.375000 0.875000 0.625000 1.0
0.250000 0.750000 0.625000 1.0
0.250000 0.875000 0.500000 1.0
0.375000 0.750000 0.500000 1.0
0.250000 0.750000 0.500000 -1.0
0.375000 0.875000 0.500000 -1.0
0.375000 0.750000 0.625000 -1.0
0.250000 0.875000 0.625000 -1.0
0.375000 0.875000 0.875000 1.0
0.250000 0.750000 0.875000 1.0
0.250000 0.875000 0.750000 1.0
0.375000 0.750000 0.750000 1.0
0.250000 0.750000 0.750000 -1.0
0.375000 0.875000 0.750000 -1.0
0.375000 0.750000 0.875000 -1.0
0.250000 0.875000 0.875000 -1.0
0.625000 0.125000 0.125000 1.0
0.500000 0.000000 0.125000 1.0
0.500000 0.125000 0.000000 1.0
0.625000 0.000000 0.000000 1.0
0.500000 0.000000 0.000000 -1.0
0.625000 0.125000 0.000000 -1.0
0.625000 0.000000 0.125000 -1.0
0.500000 0.125000 0.125000 -1.0
0.625000 0.125000 0.375000 1.0
0.500000 0.000000 0.375000 1.0
0.500000 0.125000 0.250000 1.0
0.625000 0.000000 0.250000 1.0
0.500000 0.000000 0.250000 -1.0
0.625000 0.125000 0.250000 -1.0
0.625000 0.000000 0.375000 -1.0
0.500000 0.125000 0.375000 -1.0
0.625000 0.125000 0.625000 1.0
0.500000 0.000000 0.625000 1.0
0.500000 0.125000 0.500000 1.0
0.625000 0.000000 0.500000 1.0
0.500000 0.000000 0.500000 -1.0
0.625000 0.125000 0.500000 -1.0
0.625000 0.000000 0.625000 -1.0
0.500000 0.125000 0.625000 -1.0
0.625000 0.125000 0.875000 1.0
0.500000 0.000000 0.875000 1.0
0.500000 0.125000 0.750000 1.0
0.625000 0.000000 0.750000 1.0
0.500000 0.000000 0.750000 -1.0
0.625000 0.125000 0.750000 -1.0
0.625000 0.000000 0.875000 -1.0
0.500000 0.125000 0.875000 -1.0
0.625000 0.375000 0.125000 1.0
0.500000 0.250000 0.125000 1.0
0.500000 0.375000 0.000000 1.0
0.625000 0.250000 0.000000 1.0
0.500000 0.250000 0.000000 -1.0
0.625000 0.375000 0.000000 -1.0
0.625000 0.250000 0.125000 -1.0
0.500000 0.375000 0.125000 -1.0
0.625000 0.375000 0.375000 1.0
0.500000 0.250000 0.375000 1.0
0.500000 0.375000 0.250000 1.0
0.625000 0.250000 0.250000 1.0
0.500000 0.250000 0.250000 -1.0
0.625000 0.375000 0.250000 -1.0
0.625000 0.250000 0.375000 -1.0
0.500000 0.375000 0.375000 -1.0
0.625000 0.375000 0.625000 1.0
0.500000 0.250000 0.625000 1.0
0.500000 0.375000 0.500000 1.0
0.625000 0.250000 0.500000 1.0
0.500000 0.250000 0.500000 -1.0
0.625000 0.375000 0.500000 -1.0
0.625000 0.250000 0.625000 -1.0
0.500000 0.375000 0.625000 -1.0
0.625000 0.375000 0.875000 1.0
0.500000 0.250000 0.875000 1.0
0.500000 0.375000 0.750000 1.0
0.625000 0.250000 0.750000 1.0
0.500000 0.250000 0.750000 -1.0
0.625000 0.375000 0.750000 -1.0
0.625000 0.250000 0.875000 -1.0
0.500000 0.375000 0.875000 -1.0
0.625000 0.625000 0.125000 1.0
0.500000 0.500000 0.125000 1.0
0.500000 0.625000 0.000000 1.0
0.625000 0.500000 0.000000 1.0
0.500000 0.500000 0.000000 -1.0
0.625000 0.625000 0.000000 -1.0
0.625000 0.500000 0.125000 -1.0
0.500000 0.625000 0.125000 -1.0
0.625000 0.625000 0.375000 1.0
0.500000 0.500000 0.375000 1.0
0.500000 0.625000 0.250000 1.0
0.625000 0.500000 0.250000 1.0
0.500000 0.500000 0.250000 -1.0
0.625000 0.625000 0.250000 -1.0
0.625000 0.500000 0.375000 -1.0
0.500000 0.625000 0.375000 -1.0
0.625000 0.625000 0.625000 1.0
0.500000 0.500000 0.625000 1.0
0.500000 0.625000 0.500000 1.0
0.625000 0.500000 0.500000 1.0
0.500000 0.500000 0.500000 -1.0
0.625000 0.625000 0.500000 -1.0
0.625000 0.500000 0.625000 -1.0
0.500000 0.625000 0.625000 -1.0
0.625000 0.625000 0.875000 1.0
0.500000 0.500000 0.875000 1.0
0.500000 0.625000 0.750000 1.0
0.625000 0.500000 0.750000 1.0
0.500000 0.500000 0.750000 -1.0
0.625000 0.625000 0.750000 -1.0
0.625000 0.500000 0.875000 -1.0
0.500000 0.625000 0.875000 -1.0
0.625000 0.875000 0.125000 1.0
0.500000 0.750000 0.125000 1.0
0.500000 0.875000 0.000000 1.0
0.625000 0.750000 0.000000 1.0
0.500000 0.750000 0.000000 -1.0
0.625000 0.875000 0.000000 -1.0
0.625000 0.750000 0.125000 -1.0
0.500000 0.875000 0.125000 -1.0
0.625000 0.875000 0.375000 1.0
0.500000 0.750000 0.375000 1.0
0.500000 0.875000 0.250000 1.0
0.625000 0.750000 0.250000 1.0
0.500000 0.750000 0.250000 -1.0
0.625000 0.875000 0.250000 -1.0
0.625000 0.750000 0.375000 -1.0
0.500000 0.875000 0.375000 -1.0
0.625000 0.875000 0.625000 1.0
0.500000 0.750000 0.625000 1.0
0.500000 0.875000 0.500000 1.0
0.625000 0.750000 0.500000 1.0
0.500000 0.750000 0.500000 -1.0
0.625000 0.875000 0.500000 -1.0
0.625000 0.750000 0.625000 -1.0
0.500000 0.875000 0.625000 -1.0
0.625000 0.875000 0.875000 1.0
0.500000 0.750000 0.875000 1.0
0.500000 0.875000 0.750000 1.0
0.625000 0.750000 0.750000 1.0
0.500000 0.750000 0.750000 -1.0
0.625000 0.875000 0.750000 -1.0
0.625000 0.750000 0.875000 -1.0
0.500000 0.875000 0.875000 -1.0
0.875000 0.125000 0.125000 1.0
0.750000 0.000000 0.125000 1.0
0.750000 0.125000 0.000000 1.0
0.875000 0.000000 0.000000 1.0
0.750000 0.000000 0.000000 -1.0
0.875000 0.125000 0.000000 -1.0
0.875000 0.000000 0.125000 -1.0
0.750000 0.125000 0.125000 -1.0
0.875000 0.125000 0.375000 1.0
0.750000 0.000000 0.375000 1.0
0.750000 0.125000 0.250000 1.0
0.875000 0.000000 0.250000 1.0
0.750000 0.000000 0.250000 -1.0
0.875000 0.125000 0.250000 -1.0
0.875000 0.000000 0.375000 -1.0
0.750000 0.125000 0.375000 -1.0
0.875000 0.125000 0.625000 1.0
0.750000 0.000000 0.625000 1.0
0.750000 0.125000 0.500000 1.0
0.875000 0.000000 0.500000 1.0
0.750000 0.000000 0.500000 -1.0
0.875000 0.125000 0.500000 -1.0
0.875000 0.000000 0.625000 -1.0
0.750000 0.125000 0.625000 -1.0
0.875000 0.125000 0.875000 1.0
0.750000 0.000000 0.875000 1.0
0.750000 0.125000 0.750000 1.0
0.875000 0.000000 0.750000 1.0
0.750000 0.000000 0.750000 -1.0
0.875000 0.125000 0.750000 -1.0
0.875000 0.000000 0.875000 -1.0
0.750000 0.125000 0.875000 -1.0
0.875000 0.375000 0.125000 1.0
0.750000 0.250000 0.125000 1.0
0.750000 0.375000 0.000000 1.0
0.875000 0.250000 0.000000 1.0
0.750000 0.250000 0.000000 -1.0
0.875000 0.375000 0.000000 -1.0
0.875000 0.250000 0.125000 -1.0
0.750000 0.375000 0.125000 -1.0
0.875000 0.375000 0.375000 1.0
0.750000 0.250000 0.375000 1.0
0.750000 0.375000 0.250000 1.0
0.875000 0.250000 0.250000 1.0
0.750000 0.250000 0.250000 -1.0
0.875000 0.375000 0.250000 -1.0
0.875000 0.250000 0.375000 -1.0
0.750000 0.375000 0.375000 -1.0
0.875000 0.375000 0.625000 1.0
0.750000 0.250000 0.625000 1.0
0.750000 0.375000 0.500000 1.0
0.875000 0.250000 0.500000 1.0
0.750000 0.250000 0.500000 -1.0
0.875000 0.375000 0.500000 -1.0
0.875000 0.250000 0.625000 -1.0
0.750000 0.375000 0.625000 -1.0
0.875000 0.375000 0.875000 1.0
0.750000 0.250000 0.875000 1.0
0.750000 0.375000 0.750000 1.0
0.875000 0.250000 0.750000 1.0
0.750000 0.250000 0.750000 -1.0
0.875000 0.375000 0.750000 -1.0
0.875000 0.250000 0.875000 -1.0
0.750000 0.375000 0.875000 -1.0
0.875000 0.625000 0.125000 1.0
0.750000 0.500000 0.125000 1.0
0.750000 0.625000 0.000000 1.0
0.875000 0.500000 0.000000 1.0
0.750000 0.500000 0.000000 -1.0
0.875000 0.625000 0.000000 -1.0
0.875000 0.500000 0.125000 -1.0
0.750000 0.625000 0.125000 -1.0
0.875000 0.625000 0.375000 1.0
0.750000 0.500000 0.375000 1.0
0.750000 0.625000 0.250000 1.0
0.875000 0.500000 0.250000 1.0
0.750000 0.500000 0.250000 -1.0
0.875000 0.625000 0.250000 -1.0
0.875000 0.500000 0.375000 -1.0
0.750000 0.625000 0.375000 -1.0
0.875000 0.625000 0.625000 1.0
0.750000 0.500000 0.625000 1.0
0.750000 0.625000 0.500000 1.0
0.875000 0.500000 0.500000 1.0
0.750000 0.500000 0.500000 -1.0
0.875000 0.625000 0.500000 -1.0
0.875000 0.500000 0.625000 -1.0
0.750000 0.625000 0.625000 -1.0
0.875000 0.625000 0.875000 1.0
0.750000 0.500000 0.875000 1.0
0.750000 0.625000 0.750000 1.0
0.875000 0.500000 0.750000 1.0
0.750000 0.500000 0.750000 -1.0
0.875000 0.625000 0.750000 -1.0
0.875000 0.500000 0.875000 -1.0
0.750000 0.625000 0.875000 -1.0
0.875000 0.875000 0.125000 1.0
0.750000 0.750000 0.125000 1.0
0.750000 0.875000 0.000000 1.0
0.875000 0.750000 0.000000 1.0
0.750000 0.750000 0.000000 -1.0
0.875000 0.875000 0.000000 -1.0
0.875000 0.750000 0.125000 -1.0
0.750000 0.875000 0.125000 -1.0
0.875000 0.875000 0.375000 1.0
0.750000 0.750000 0.375000 1.0
0.750000 0.875000 0.250000 1.0
0.875000 0.750000 0.250000 1.0
0.750000 0.750000 0.250000 -1.0
0.875000 0.875000 0.250000 -1.0
0.875000 0.750000 0.375000 -1.0
0.750000 0.875000 0.375000 -1.0
0.875000 0.875000 0.625000 1.0
0.750000 0.750000 0.625000 1.0
0.750000 0.875000 0.500000 1.0
0.875000 0.750000 0.500000 1.0
0.750000 0.750000 0.500000 -1.0
0.875000 0.875000 0.500000 -1.0
0.875000 0.750000 0.625000 -1.0
0.750000 0.875000 0.625000 -1.0
0.875000 0.875000 0.875000 1.0
0.750000 0.750000 0.875000 1.0
0.750000 0.875000 0.750000 1.0
0.875000 0.750000 0.750000 1.0
0.750000 0.750000 0.750000 -1.0
0.875000 0.875000 0.750000 -1.0
0.875000 0.750000 0.875000 -1.0
0.750000 0.875000 0.875000 -1.0
81 81 81
0.31 8 0 20
