NaCl 2x2x2
21.32 21.32 21.32
90.0 90.0 90.0
64
0.250000 0.250000 0.250000 1.0
0.000000 0.000000 0.250000 1.0
0.000000 0.250000 0.000000 1.0
0.250000 0.000000 0.000000 1.0
0.000000 0.000000 0.000000 -1.0
0.250000 0.250000 0.000000 -1.0
0.250000 0.000000 0.250000 -1.0
0.000000 0.250000 0.250000 -1.0
0.250000 0.250000 0.750000 1.0
0.000000 0.000000 0.750000 1.0
0.000000 0.250000 0.500000 1.0
0.250000 0.000000 0.500000 1.0
0.000000 0.000000 0.500000 -1.0
0.250000 0.250000 0.500000 -1.0
0.250000 0.000000 0.750000 -1.0
0.000000 0.250000 0.750000 -1.0
0.250000 0.750000 0.250000 1.0
0.000000 0.500000 0.250000 1.0
0.000000 0.750000 0.000000 1.0
0.250000 0.500000 0.000000 1.0
0.000000 0.500000 0.000000 -1.0
0.250000 0.750000 0.000000 -1.0
0.250000 0.500000 0.250000 -1.0
0.000000 0.750000 0.250000 -1.0
0.250000 0.750000 0.750000 1.0
0.000000 0.500000 0.750000 1.0
0.000000 0.750000 0.500000 1.0
0.250000 0.500000 0.500000 1.0
0.000000 0.500000 0.500000 -1.0
0.250000 0.750000 0.500000 -1.0
0.250000 0.500000 0.750000 -1.0
0.000000 0.750000 0.750000 -1.0
0.750000 0.250000 0.250000 1.0
0.500000 0.000000 0.250000 1.0
0.500000 0.250000 0.000000 1.0
0.750000 0.000000 0.000000 1.0
0.500000 0.000000 0.000000 -1.0
0.750000 0.250000 0.000000 -1.0
0.750000 0.000000 0.250000 -1.0
0.500000 0.250000 0.250000 -1.0
0.750000 0.250000 0.750000 1.0
0.500000 0.000000 0.750000 1.0
0.500000 0.250000 0.500000 1.0
0.750000 0.000000 0.500000 1.0
0.500000 0.000000 0.500000 -1.0
0.750000 0.250000 0.500000 -1.0
0.750000 0.000000 0.750000 -1.0
0.500000 0.250000 0.750000 -1.0
0.750000 0.750000 0.250000 1.0
0.500000 0.500000 0.250000 1.0
0.500000 0.750000 0.000000 1.0
0.750000 0.500000 0.000000 1.0
0.500000 0.500000 0.000000 -1.0
0.750000 0.750000 0.000000 -1.0
0.750000 0.500000 0.250000 -1.0
0.500000 0.750000 0.250000 -1.0
0.750000 0.750000 0.750000 1.0
0.500000 0.500000 0.750000 1.0
0.500000 0.750000 0.500000 1.0
0.750000 0.500000 0.500000 1.0
0.500000 0.500000 0.500000 -1.0
0.750000 0.750000 0.500000 -1.0
0.750000 0.500000 0.750000 -1.0
0.50000 0.750000 0.750000 -1.0
80 80 80
0.5 8 0 0
