NaCl
74.62 74.62 74.62
90 90 90
2744
0.072857 0.071429 0.071429 1.00
0.000000 0.000000 0.071429 1.00
0.000000 0.071429 0.007143 1.00
0.067143 0.000000 0.000000 1.00
0.010000 0.000000 0.004286 -1.00
0.071429 0.071429 0.000000 -1.00
0.064286 0.000000 0.064286 -1.00
0.000000 0.071429 0.050000 -1.00
0.072857 0.071429 0.214286 1.00
0.000000 0.000000 0.214286 1.00
0.000000 0.071429 0.150000 1.00
0.067143 0.000000 0.142857 1.00
0.010000 0.000000 0.147143 -1.00
0.071429 0.071429 0.142857 -1.00
0.064286 0.000000 0.207143 -1.00
0.000000 0.071429 0.192857 -1.00
0.072857 0.071429 0.357143 1.00
0.000000 0.000000 0.357143 1.00
0.000000 0.071429 0.292857 1.00
0.067143 0.000000 0.285714 1.00
0.010000 0.000000 0.290000 -1.00
0.071429 0.071429 0.285714 -1.00
0.064286 0.000000 0.350000 -1.00
0.000000 0.071429 0.335714 -1.00
0.072857 0.071429 0.500000 1.00
0.000000 0.000000 0.500000 1.00
0.000000 0.071429 0.435714 1.00
0.067143 0.000000 0.428571 1.00
0.010000 0.000000 0.432857 -1.00
0.071429 0.071429 0.428571 -1.00
0.064286 0.000000 0.492857 -1.00
0.000000 0.071429 0.478571 -1.00
0.072857 0.071429 0.642857 1.00
0.000000 0.000000 0.642857 1.00
0.000000 0.071429 0.578571 1.00
0.067143 0.000000 0.571429 1.00
0.010000 0.000000 0.575714 -1.00
0.071429 0.071429 0.571429 -1.00
0.064286 0.000000 0.635714 -1.00
0.000000 0.071429 0.621429 -1.00
0.072857 0.071429 0.785714 1.00
0.000000 0.000000 0.785714 1.00
0.000000 0.071429 0.721429 1.00
0.067143 0.000000 0.714286 1.00
0.010000 0.000000 0.718571 -1.00
0.071429 0.071429 0.714286 -1.00
0.064286 0.000000 0.778571 -1.00
0.000000 0.071429 0.764286 -1.00
0.072857 0.071429 0.928571 1.00
0.000000 0.000000 0.928571 1.00
0.000000 0.071429 0.864286 1.00
0.067143 0.000000 0.857143 1.00
0.010000 0.000000 0.861429 -1.00
0.071429 0.071429 0.857143 -1.00
0.064286 0.000000 0.921429 -1.00
0.000000 0.071429 0.907143 -1.00
0.072857 0.214286 0.071429 1.00
0.000000 0.142857 0.071429 1.00
0.000000 0.214286 0.007143 1.00
0.067143 0.142857 0.000000 1.00
0.010000 0.142857 0.004286 -1.00
0.071429 0.214286 0.000000 -1.00
0.064286 0.142857 0.064286 -1.00
0.000000 0.214286 0.050000 -1.00
0.072857 0.214286 0.214286 1.00
0.000000 0.142857 0.214286 1.00
0.000000 0.214286 0.150000 1.00
0.067143 0.142857 0.142857 1.00
0.010000 0.142857 0.147143 -1.00
0.071429 0.214286 0.142857 -1.00
0.064286 0.142857 0.207143 -1.00
0.000000 0.214286 0.192857 -1.00
0.072857 0.214286 0.357143 1.00
0.000000 0.142857 0.357143 1.00
0.000000 0.214286 0.292857 1.00
0.067143 0.142857 0.285714 1.00
0.010000 0.142857 0.290000 -1.00
0.071429 0.214286 0.285714 -1.00
0.064286 0.142857 0.350000 -1.00
0.000000 0.214286 0.335714 -1.00
0.072857 0.214286 0.500000 1.00
0.000000 0.142857 0.500000 1.00
0.000000 0.214286 0.435714 1.00
0.067143 0.142857 0.428571 1.00
0.010000 0.142857 0.432857 -1.00
0.071429 0.214286 0.428571 -1.00
0.064286 0.142857 0.492857 -1.00
0.000000 0.214286 0.478571 -1.00
0.072857 0.214286 0.642857 1.00
0.000000 0.142857 0.642857 1.00
0.000000 0.214286 0.578571 1.00
0.067143 0.142857 0.571429 1.00
0.010000 0.142857 0.575714 -1.00
0.071429 0.214286 0.571429 -1.00
0.064286 0.142857 0.635714 -1.00
0.000000 0.214286 0.621429 -1.00
0.072857 0.214286 0.785714 1.00
0.000000 0.142857 0.785714 1.00
0.000000 0.214286 0.721429 1.00
0.067143 0.142857 0.714286 1.00
0.010000 0.142857 0.718571 -1.00
0.071429 0.214286 0.714286 -1.00
0.064286 0.142857 0.778571 -1.00
0.000000 0.214286 0.764286 -1.00
0.072857 0.214286 0.928571 1.00
0.000000 0.142857 0.928571 1.00
0.000000 0.214286 0.864286 1.00
0.067143 0.142857 0.857143 1.00
0.010000 0.142857 0.861429 -1.00
0.071429 0.214286 0.857143 -1.00
0.064286 0.142857 0.921429 -1.00
0.000000 0.214286 0.907143 -1.00
0.072857 0.357143 0.071429 1.00
0.000000 0.285714 0.071429 1.00
0.000000 0.357143 0.007143 1.00
0.067143 0.285714 0.000000 1.00
0.010000 0.285714 0.004286 -1.00
0.071429 0.357143 0.000000 -1.00
0.064286 0.285714 0.064286 -1.00
0.000000 0.357143 0.050000 -1.00
0.072857 0.357143 0.214286 1.00
0.000000 0.285714 0.214286 1.00
0.000000 0.357143 0.150000 1.00
0.067143 0.285714 0.142857 1.00
0.010000 0.285714 0.147143 -1.00
0.071429 0.357143 0.142857 -1.00
0.064286 0.285714 0.207143 -1.00
0.000000 0.357143 0.192857 -1.00
0.072857 0.357143 0.357143 1.00
0.000000 0.285714 0.357143 1.00
0.000000 0.357143 0.292857 1.00
0.067143 0.285714 0.285714 1.00
0.010000 0.285714 0.290000 -1.00
0.071429 0.357143 0.285714 -1.00
0.064286 0.285714 0.350000 -1.00
0.000000 0.357143 0.335714 -1.00
0.072857 0.357143 0.500000 1.00
0.000000 0.285714 0.500000 1.00
0.000000 0.357143 0.435714 1.00
0.067143 0.285714 0.428571 1.00
0.010000 0.285714 0.432857 -1.00
0.071429 0.357143 0.428571 -1.00
0.064286 0.285714 0.492857 -1.00
0.000000 0.357143 0.478571 -1.00
0.072857 0.357143 0.642857 1.00
0.000000 0.285714 0.642857 1.00
0.000000 0.357143 0.578571 1.00
0.067143 0.285714 0.571429 1.00
0.010000 0.285714 0.575714 -1.00
0.071429 0.357143 0.571429 -1.00
0.064286 0.285714 0.635714 -1.00
0.000000 0.357143 0.621429 -1.00
0.072857 0.357143 0.785714 1.00
0.000000 0.285714 0.785714 1.00
0.000000 0.357143 0.721429 1.00
0.067143 0.285714 0.714286 1.00
0.010000 0.285714 0.718571 -1.00
0.071429 0.357143 0.714286 -1.00
0.064286 0.285714 0.778571 -1.00
0.000000 0.357143 0.764286 -1.00
0.072857 0.357143 0.928571 1.00
0.000000 0.285714 0.928571 1.00
0.000000 0.357143 0.864286 1.00
0.067143 0.285714 0.857143 1.00
0.010000 0.285714 0.861429 -1.00
0.071429 0.357143 0.857143 -1.00
0.064286 0.285714 0.921429 -1.00
0.000000 0.357143 0.907143 -1.00
0.072857 0.500000 0.071429 1.00
0.000000 0.428571 0.071429 1.00
0.000000 0.500000 0.007143 1.00
0.067143 0.428571 0.000000 1.00
0.010000 0.428571 0.004286 -1.00
0.071429 0.500000 0.000000 -1.00
0.064286 0.428571 0.064286 -1.00
0.000000 0.500000 0.050000 -1.00
0.072857 0.500000 0.214286 1.00
0.000000 0.428571 0.214286 1.00
0.000000 0.500000 0.150000 1.00
0.067143 0.428571 0.142857 1.00
0.010000 0.428571 0.147143 -1.00
0.071429 0.500000 0.142857 -1.00
0.064286 0.428571 0.207143 -1.00
0.000000 0.500000 0.192857 -1.00
0.072857 0.500000 0.357143 1.00
0.000000 0.428571 0.357143 1.00
0.000000 0.500000 0.292857 1.00
0.067143 0.428571 0.285714 1.00
0.010000 0.428571 0.290000 -1.00
0.071429 0.500000 0.285714 -1.00
0.064286 0.428571 0.350000 -1.00
0.000000 0.500000 0.335714 -1.00
0.072857 0.500000 0.500000 1.00
0.000000 0.428571 0.500000 1.00
0.000000 0.500000 0.435714 1.00
0.067143 0.428571 0.428571 1.00
0.010000 0.428571 0.432857 -1.00
0.071429 0.500000 0.428571 -1.00
0.064286 0.428571 0.492857 -1.00
0.000000 0.500000 0.478571 -1.00
0.072857 0.500000 0.642857 1.00
0.000000 0.428571 0.642857 1.00
0.000000 0.500000 0.578571 1.00
0.067143 0.428571 0.571429 1.00
0.010000 0.428571 0.575714 -1.00
0.071429 0.500000 0.571429 -1.00
0.064286 0.428571 0.635714 -1.00
0.000000 0.500000 0.621429 -1.00
0.072857 0.500000 0.785714 1.00
0.000000 0.428571 0.785714 1.00
0.000000 0.500000 0.721429 1.00
0.067143 0.428571 0.714286 1.00
0.010000 0.428571 0.718571 -1.00
0.071429 0.500000 0.714286 -1.00
0.064286 0.428571 0.778571 -1.00
0.000000 0.500000 0.764286 -1.00
0.072857 0.500000 0.928571 1.00
0.000000 0.428571 0.928571 1.00
0.000000 0.500000 0.864286 1.00
0.067143 0.428571 0.857143 1.00
0.010000 0.428571 0.861429 -1.00
0.071429 0.500000 0.857143 -1.00
0.064286 0.428571 0.921429 -1.00
0.000000 0.500000 0.907143 -1.00
0.072857 0.642857 0.071429 1.00
0.000000 0.571429 0.071429 1.00
0.000000 0.642857 0.007143 1.00
0.067143 0.571429 0.000000 1.00
0.010000 0.571429 0.004286 -1.00
0.071429 0.642857 0.000000 -1.00
0.064286 0.571429 0.064286 -1.00
0.000000 0.642857 0.050000 -1.00
0.072857 0.642857 0.214286 1.00
0.000000 0.571429 0.214286 1.00
0.000000 0.642857 0.150000 1.00
0.067143 0.571429 0.142857 1.00
0.010000 0.571429 0.147143 -1.00
0.071429 0.642857 0.142857 -1.00
0.064286 0.571429 0.207143 -1.00
0.000000 0.642857 0.192857 -1.00
0.072857 0.642857 0.357143 1.00
0.000000 0.571429 0.357143 1.00
0.000000 0.642857 0.292857 1.00
0.067143 0.571429 0.285714 1.00
0.010000 0.571429 0.290000 -1.00
0.071429 0.642857 0.285714 -1.00
0.064286 0.571429 0.350000 -1.00
0.000000 0.642857 0.335714 -1.00
0.072857 0.642857 0.500000 1.00
0.000000 0.571429 0.500000 1.00
0.000000 0.642857 0.435714 1.00
0.067143 0.571429 0.428571 1.00
0.010000 0.571429 0.432857 -1.00
0.071429 0.642857 0.428571 -1.00
0.064286 0.571429 0.492857 -1.00
0.000000 0.642857 0.478571 -1.00
0.072857 0.642857 0.642857 1.00
0.000000 0.571429 0.642857 1.00
0.000000 0.642857 0.578571 1.00
0.067143 0.571429 0.571429 1.00
0.010000 0.571429 0.575714 -1.00
0.071429 0.642857 0.571429 -1.00
0.064286 0.571429 0.635714 -1.00
0.000000 0.642857 0.621429 -1.00
0.072857 0.642857 0.785714 1.00
0.000000 0.571429 0.785714 1.00
0.000000 0.642857 0.721429 1.00
0.067143 0.571429 0.714286 1.00
0.010000 0.571429 0.718571 -1.00
0.071429 0.642857 0.714286 -1.00
0.064286 0.571429 0.778571 -1.00
0.000000 0.642857 0.764286 -1.00
0.072857 0.642857 0.928571 1.00
0.000000 0.571429 0.928571 1.00
0.000000 0.642857 0.864286 1.00
0.067143 0.571429 0.857143 1.00
0.010000 0.571429 0.861429 -1.00
0.071429 0.642857 0.857143 -1.00
0.064286 0.571429 0.921429 -1.00
0.000000 0.642857 0.907143 -1.00
0.072857 0.785714 0.071429 1.00
0.000000 0.714286 0.071429 1.00
0.000000 0.785714 0.007143 1.00
0.067143 0.714286 0.000000 1.00
0.010000 0.714286 0.004286 -1.00
0.071429 0.785714 0.000000 -1.00
0.064286 0.714286 0.064286 -1.00
0.000000 0.785714 0.050000 -1.00
0.072857 0.785714 0.214286 1.00
0.000000 0.714286 0.214286 1.00
0.000000 0.785714 0.150000 1.00
0.067143 0.714286 0.142857 1.00
0.010000 0.714286 0.147143 -1.00
0.071429 0.785714 0.142857 -1.00
0.064286 0.714286 0.207143 -1.00
0.000000 0.785714 0.192857 -1.00
0.072857 0.785714 0.357143 1.00
0.000000 0.714286 0.357143 1.00
0.000000 0.785714 0.292857 1.00
0.067143 0.714286 0.285714 1.00
0.010000 0.714286 0.290000 -1.00
0.071429 0.785714 0.285714 -1.00
0.064286 0.714286 0.350000 -1.00
0.000000 0.785714 0.335714 -1.00
0.072857 0.785714 0.500000 1.00
0.000000 0.714286 0.500000 1.00
0.000000 0.785714 0.435714 1.00
0.067143 0.714286 0.428571 1.00
0.010000 0.714286 0.432857 -1.00
0.071429 0.785714 0.428571 -1.00
0.064286 0.714286 0.492857 -1.00
0.000000 0.785714 0.478571 -1.00
0.072857 0.785714 0.642857 1.00
0.000000 0.714286 0.642857 1.00
0.000000 0.785714 0.578571 1.00
0.067143 0.714286 0.571429 1.00
0.010000 0.714286 0.575714 -1.00
0.071429 0.785714 0.571429 -1.00
0.064286 0.714286 0.635714 -1.00
0.000000 0.785714 0.621429 -1.00
0.072857 0.785714 0.785714 1.00
0.000000 0.714286 0.785714 1.00
0.000000 0.785714 0.721429 1.00
0.067143 0.714286 0.714286 1.00
0.010000 0.714286 0.718571 -1.00
0.071429 0.785714 0.714286 -1.00
0.064286 0.714286 0.778571 -1.00
0.000000 0.785714 0.764286 -1.00
0.072857 0.785714 0.928571 1.00
0.000000 0.714286 0.928571 1.00
0.000000 0.785714 0.864286 1.00
0.067143 0.714286 0.857143 1.00
0.010000 0.714286 0.861429 -1.00
0.071429 0.785714 0.857143 -1.00
0.064286 0.714286 0.921429 -1.00
0.000000 0.785714 0.907143 -1.00
0.072857 0.928571 0.071429 1.00
0.000000 0.857143 0.071429 1.00
0.000000 0.928571 0.007143 1.00
0.067143 0.857143 0.000000 1.00
0.010000 0.857143 0.004286 -1.00
0.071429 0.928571 0.000000 -1.00
0.064286 0.857143 0.064286 -1.00
0.000000 0.928571 0.050000 -1.00
0.072857 0.928571 0.214286 1.00
0.000000 0.857143 0.214286 1.00
0.000000 0.928571 0.150000 1.00
0.067143 0.857143 0.142857 1.00
0.010000 0.857143 0.147143 -1.00
0.071429 0.928571 0.142857 -1.00
0.064286 0.857143 0.207143 -1.00
0.000000 0.928571 0.192857 -1.00
0.072857 0.928571 0.357143 1.00
0.000000 0.857143 0.357143 1.00
0.000000 0.928571 0.292857 1.00
0.067143 0.857143 0.285714 1.00
0.010000 0.857143 0.290000 -1.00
0.071429 0.928571 0.285714 -1.00
0.064286 0.857143 0.350000 -1.00
0.000000 0.928571 0.335714 -1.00
0.072857 0.928571 0.500000 1.00
0.000000 0.857143 0.500000 1.00
0.000000 0.928571 0.435714 1.00
0.067143 0.857143 0.428571 1.00
0.010000 0.857143 0.432857 -1.00
0.071429 0.928571 0.428571 -1.00
0.064286 0.857143 0.492857 -1.00
0.000000 0.928571 0.478571 -1.00
0.072857 0.928571 0.642857 1.00
0.000000 0.857143 0.642857 1.00
0.000000 0.928571 0.578571 1.00
0.067143 0.857143 0.571429 1.00
0.010000 0.857143 0.575714 -1.00
0.071429 0.928571 0.571429 -1.00
0.064286 0.857143 0.635714 -1.00
0.000000 0.928571 0.621429 -1.00
0.072857 0.928571 0.785714 1.00
0.000000 0.857143 0.785714 1.00
0.000000 0.928571 0.721429 1.00
0.067143 0.857143 0.714286 1.00
0.010000 0.857143 0.718571 -1.00
0.071429 0.928571 0.714286 -1.00
0.064286 0.857143 0.778571 -1.00
0.000000 0.928571 0.764286 -1.00
0.072857 0.928571 0.928571 1.00
0.000000 0.857143 0.928571 1.00
0.000000 0.928571 0.864286 1.00
0.067143 0.857143 0.857143 1.00
0.010000 0.857143 0.861429 -1.00
0.071429 0.928571 0.857143 -1.00
0.064286 0.857143 0.921429 -1.00
0.000000 0.928571 0.907143 -1.00
0.215714 0.071429 0.071429 1.00
0.142857 0.000000 0.071429 1.00
0.142857 0.071429 0.007143 1.00
0.210000 0.000000 0.000000 1.00
0.152857 0.000000 0.004286 -1.00
0.214286 0.071429 0.000000 -1.00
0.207143 0.000000 0.064286 -1.00
0.142857 0.071429 0.050000 -1.00
0.215714 0.071429 0.214286 1.00
0.142857 0.000000 0.214286 1.00
0.142857 0.071429 0.150000 1.00
0.210000 0.000000 0.142857 1.00
0.152857 0.000000 0.147143 -1.00
0.214286 0.071429 0.142857 -1.00
0.207143 0.000000 0.207143 -1.00
0.142857 0.071429 0.192857 -1.00
0.215714 0.071429 0.357143 1.00
0.142857 0.000000 0.357143 1.00
0.142857 0.071429 0.292857 1.00
0.210000 0.000000 0.285714 1.00
0.152857 0.000000 0.290000 -1.00
0.214286 0.071429 0.285714 -1.00
0.207143 0.000000 0.350000 -1.00
0.142857 0.071429 0.335714 -1.00
0.215714 0.071429 0.500000 1.00
0.142857 0.000000 0.500000 1.00
0.142857 0.071429 0.435714 1.00
0.210000 0.000000 0.428571 1.00
0.152857 0.000000 0.432857 -1.00
0.214286 0.071429 0.428571 -1.00
0.207143 0.000000 0.492857 -1.00
0.142857 0.071429 0.478571 -1.00
0.215714 0.071429 0.642857 1.00
0.142857 0.000000 0.642857 1.00
0.142857 0.071429 0.578571 1.00
0.210000 0.000000 0.571429 1.00
0.152857 0.000000 0.575714 -1.00
0.214286 0.071429 0.571429 -1.00
0.207143 0.000000 0.635714 -1.00
0.142857 0.071429 0.621429 -1.00
0.215714 0.071429 0.785714 1.00
0.142857 0.000000 0.785714 1.00
0.142857 0.071429 0.721429 1.00
0.210000 0.000000 0.714286 1.00
0.152857 0.000000 0.718571 -1.00
0.214286 0.071429 0.714286 -1.00
0.207143 0.000000 0.778571 -1.00
0.142857 0.071429 0.764286 -1.00
0.215714 0.071429 0.928571 1.00
0.142857 0.000000 0.928571 1.00
0.142857 0.071429 0.864286 1.00
0.210000 0.000000 0.857143 1.00
0.152857 0.000000 0.861429 -1.00
0.214286 0.071429 0.857143 -1.00
0.207143 0.000000 0.921429 -1.00
0.142857 0.071429 0.907143 -1.00
0.215714 0.214286 0.071429 1.00
0.142857 0.142857 0.071429 1.00
0.142857 0.214286 0.007143 1.00
0.210000 0.142857 0.000000 1.00
0.152857 0.142857 0.004286 -1.00
0.214286 0.214286 0.000000 -1.00
0.207143 0.142857 0.064286 -1.00
0.142857 0.214286 0.050000 -1.00
0.215714 0.214286 0.214286 1.00
0.142857 0.142857 0.214286 1.00
0.142857 0.214286 0.150000 1.00
0.210000 0.142857 0.142857 1.00
0.152857 0.142857 0.147143 -1.00
0.214286 0.214286 0.142857 -1.00
0.207143 0.142857 0.207143 -1.00
0.142857 0.214286 0.192857 -1.00
0.215714 0.214286 0.357143 1.00
0.142857 0.142857 0.357143 1.00
0.142857 0.214286 0.292857 1.00
0.210000 0.142857 0.285714 1.00
0.152857 0.142857 0.290000 -1.00
0.214286 0.214286 0.285714 -1.00
0.207143 0.142857 0.350000 -1.00
0.142857 0.214286 0.335714 -1.00
0.215714 0.214286 0.500000 1.00
0.142857 0.142857 0.500000 1.00
0.142857 0.214286 0.435714 1.00
0.210000 0.142857 0.428571 1.00
0.152857 0.142857 0.432857 -1.00
0.214286 0.214286 0.428571 -1.00
0.207143 0.142857 0.492857 -1.00
0.142857 0.214286 0.478571 -1.00
0.215714 0.214286 0.642857 1.00
0.142857 0.142857 0.642857 1.00
0.142857 0.214286 0.578571 1.00
0.210000 0.142857 0.571429 1.00
0.152857 0.142857 0.575714 -1.00
0.214286 0.214286 0.571429 -1.00
0.207143 0.142857 0.635714 -1.00
0.142857 0.214286 0.621429 -1.00
0.215714 0.214286 0.785714 1.00
0.142857 0.142857 0.785714 1.00
0.142857 0.214286 0.721429 1.00
0.210000 0.142857 0.714286 1.00
0.152857 0.142857 0.718571 -1.00
0.214286 0.214286 0.714286 -1.00
0.207143 0.142857 0.778571 -1.00
0.142857 0.214286 0.764286 -1.00
0.215714 0.214286 0.928571 1.00
0.142857 0.142857 0.928571 1.00
0.142857 0.214286 0.864286 1.00
0.210000 0.142857 0.857143 1.00
0.152857 0.142857 0.861429 -1.00
0.214286 0.214286 0.857143 -1.00
0.207143 0.142857 0.921429 -1.00
0.142857 0.214286 0.907143 -1.00
0.215714 0.357143 0.071429 1.00
0.142857 0.285714 0.071429 1.00
0.142857 0.357143 0.007143 1.00
0.210000 0.285714 0.000000 1.00
0.152857 0.285714 0.004286 -1.00
0.214286 0.357143 0.000000 -1.00
0.207143 0.285714 0.064286 -1.00
0.142857 0.357143 0.050000 -1.00
0.215714 0.357143 0.214286 1.00
0.142857 0.285714 0.214286 1.00
0.142857 0.357143 0.150000 1.00
0.210000 0.285714 0.142857 1.00
0.152857 0.285714 0.147143 -1.00
0.214286 0.357143 0.142857 -1.00
0.207143 0.285714 0.207143 -1.00
0.142857 0.357143 0.192857 -1.00
0.215714 0.357143 0.357143 1.00
0.142857 0.285714 0.357143 1.00
0.142857 0.357143 0.292857 1.00
0.210000 0.285714 0.285714 1.00
0.152857 0.285714 0.290000 -1.00
0.214286 0.357143 0.285714 -1.00
0.207143 0.285714 0.350000 -1.00
0.142857 0.357143 0.335714 -1.00
0.215714 0.357143 0.500000 1.00
0.142857 0.285714 0.500000 1.00
0.142857 0.357143 0.435714 1.00
0.210000 0.285714 0.428571 1.00
0.152857 0.285714 0.432857 -1.00
0.214286 0.357143 0.428571 -1.00
0.207143 0.285714 0.492857 -1.00
0.142857 0.357143 0.478571 -1.00
0.215714 0.357143 0.642857 1.00
0.142857 0.285714 0.642857 1.00
0.142857 0.357143 0.578571 1.00
0.210000 0.285714 0.571429 1.00
0.152857 0.285714 0.575714 -1.00
0.214286 0.357143 0.571429 -1.00
0.207143 0.285714 0.635714 -1.00
0.142857 0.357143 0.621429 -1.00
0.215714 0.357143 0.785714 1.00
0.142857 0.285714 0.785714 1.00
0.142857 0.357143 0.721429 1.00
0.210000 0.285714 0.714286 1.00
0.152857 0.285714 0.718571 -1.00
0.214286 0.357143 0.714286 -1.00
0.207143 0.285714 0.778571 -1.00
0.142857 0.357143 0.764286 -1.00
0.215714 0.357143 0.928571 1.00
0.142857 0.285714 0.928571 1.00
0.142857 0.357143 0.864286 1.00
0.210000 0.285714 0.857143 1.00
0.152857 0.285714 0.861429 -1.00
0.214286 0.357143 0.857143 -1.00
0.207143 0.285714 0.921429 -1.00
0.142857 0.357143 0.907143 -1.00
0.215714 0.500000 0.071429 1.00
0.142857 0.428571 0.071429 1.00
0.142857 0.500000 0.007143 1.00
0.210000 0.428571 0.000000 1.00
0.152857 0.428571 0.004286 -1.00
0.214286 0.500000 0.000000 -1.00
0.207143 0.428571 0.064286 -1.00
0.142857 0.500000 0.050000 -1.00
0.215714 0.500000 0.214286 1.00
0.142857 0.428571 0.214286 1.00
0.142857 0.500000 0.150000 1.00
0.210000 0.428571 0.142857 1.00
0.152857 0.428571 0.147143 -1.00
0.214286 0.500000 0.142857 -1.00
0.207143 0.428571 0.207143 -1.00
0.142857 0.500000 0.192857 -1.00
0.215714 0.500000 0.357143 1.00
0.142857 0.428571 0.357143 1.00
0.142857 0.500000 0.292857 1.00
0.210000 0.428571 0.285714 1.00
0.152857 0.428571 0.290000 -1.00
0.214286 0.500000 0.285714 -1.00
0.207143 0.428571 0.350000 -1.00
0.142857 0.500000 0.335714 -1.00
0.215714 0.500000 0.500000 1.00
0.142857 0.428571 0.500000 1.00
0.142857 0.500000 0.435714 1.00
0.210000 0.428571 0.428571 1.00
0.152857 0.428571 0.432857 -1.00
0.214286 0.500000 0.428571 -1.00
0.207143 0.428571 0.492857 -1.00
0.142857 0.500000 0.478571 -1.00
0.215714 0.500000 0.642857 1.00
0.142857 0.428571 0.642857 1.00
0.142857 0.500000 0.578571 1.00
0.210000 0.428571 0.571429 1.00
0.152857 0.428571 0.575714 -1.00
0.214286 0.500000 0.571429 -1.00
0.207143 0.428571 0.635714 -1.00
0.142857 0.500000 0.621429 -1.00
0.215714 0.500000 0.785714 1.00
0.142857 0.428571 0.785714 1.00
0.142857 0.500000 0.721429 1.00
0.210000 0.428571 0.714286 1.00
0.152857 0.428571 0.718571 -1.00
0.214286 0.500000 0.714286 -1.00
0.207143 0.428571 0.778571 -1.00
0.142857 0.500000 0.764286 -1.00
0.215714 0.500000 0.928571 1.00
0.142857 0.428571 0.928571 1.00
0.142857 0.500000 0.864286 1.00
0.210000 0.428571 0.857143 1.00
0.152857 0.428571 0.861429 -1.00
0.214286 0.500000 0.857143 -1.00
0.207143 0.428571 0.921429 -1.00
0.142857 0.500000 0.907143 -1.00
0.215714 0.642857 0.071429 1.00
0.142857 0.571429 0.071429 1.00
0.142857 0.642857 0.007143 1.00
0.210000 0.571429 0.000000 1.00
0.152857 0.571429 0.004286 -1.00
0.214286 0.642857 0.000000 -1.00
0.207143 0.571429 0.064286 -1.00
0.142857 0.642857 0.050000 -1.00
0.215714 0.642857 0.214286 1.00
0.142857 0.571429 0.214286 1.00
0.142857 0.642857 0.150000 1.00
0.210000 0.571429 0.142857 1.00
0.152857 0.571429 0.147143 -1.00
0.214286 0.642857 0.142857 -1.00
0.207143 0.571429 0.207143 -1.00
0.142857 0.642857 0.192857 -1.00
0.215714 0.642857 0.357143 1.00
0.142857 0.571429 0.357143 1.00
0.142857 0.642857 0.292857 1.00
0.210000 0.571429 0.285714 1.00
0.152857 0.571429 0.290000 -1.00
0.214286 0.642857 0.285714 -1.00
0.207143 0.571429 0.350000 -1.00
0.142857 0.642857 0.335714 -1.00
0.215714 0.642857 0.500000 1.00
0.142857 0.571429 0.500000 1.00
0.142857 0.642857 0.435714 1.00
0.210000 0.571429 0.428571 1.00
0.152857 0.571429 0.432857 -1.00
0.214286 0.642857 0.428571 -1.00
0.207143 0.571429 0.492857 -1.00
0.142857 0.642857 0.478571 -1.00
0.215714 0.642857 0.642857 1.00
0.142857 0.571429 0.642857 1.00
0.142857 0.642857 0.578571 1.00
0.210000 0.571429 0.571429 1.00
0.152857 0.571429 0.575714 -1.00
0.214286 0.642857 0.571429 -1.00
0.207143 0.571429 0.635714 -1.00
0.142857 0.642857 0.621429 -1.00
0.215714 0.642857 0.785714 1.00
0.142857 0.571429 0.785714 1.00
0.142857 0.642857 0.721429 1.00
0.210000 0.571429 0.714286 1.00
0.152857 0.571429 0.718571 -1.00
0.214286 0.642857 0.714286 -1.00
0.207143 0.571429 0.778571 -1.00
0.142857 0.642857 0.764286 -1.00
0.215714 0.642857 0.928571 1.00
0.142857 0.571429 0.928571 1.00
0.142857 0.642857 0.864286 1.00
0.210000 0.571429 0.857143 1.00
0.152857 0.571429 0.861429 -1.00
0.214286 0.642857 0.857143 -1.00
0.207143 0.571429 0.921429 -1.00
0.142857 0.642857 0.907143 -1.00
0.215714 0.785714 0.071429 1.00
0.142857 0.714286 0.071429 1.00
0.142857 0.785714 0.007143 1.00
0.210000 0.714286 0.000000 1.00
0.152857 0.714286 0.004286 -1.00
0.214286 0.785714 0.000000 -1.00
0.207143 0.714286 0.064286 -1.00
0.142857 0.785714 0.050000 -1.00
0.215714 0.785714 0.214286 1.00
0.142857 0.714286 0.214286 1.00
0.142857 0.785714 0.150000 1.00
0.210000 0.714286 0.142857 1.00
0.152857 0.714286 0.147143 -1.00
0.214286 0.785714 0.142857 -1.00
0.207143 0.714286 0.207143 -1.00
0.142857 0.785714 0.192857 -1.00
0.215714 0.785714 0.357143 1.00
0.142857 0.714286 0.357143 1.00
0.142857 0.785714 0.292857 1.00
0.210000 0.714286 0.285714 1.00
0.152857 0.714286 0.290000 -1.00
0.214286 0.785714 0.285714 -1.00
0.207143 0.714286 0.350000 -1.00
0.142857 0.785714 0.335714 -1.00
0.215714 0.785714 0.500000 1.00
0.142857 0.714286 0.500000 1.00
0.142857 0.785714 0.435714 1.00
0.210000 0.714286 0.428571 1.00
0.152857 0.714286 0.432857 -1.00
0.214286 0.785714 0.428571 -1.00
0.207143 0.714286 0.492857 -1.00
0.142857 0.785714 0.478571 -1.00
0.215714 0.785714 0.642857 1.00
0.142857 0.714286 0.642857 1.00
0.142857 0.785714 0.578571 1.00
0.210000 0.714286 0.571429 1.00
0.152857 0.714286 0.575714 -1.00
0.214286 0.785714 0.571429 -1.00
0.207143 0.714286 0.635714 -1.00
0.142857 0.785714 0.621429 -1.00
0.215714 0.785714 0.785714 1.00
0.142857 0.714286 0.785714 1.00
0.142857 0.785714 0.721429 1.00
0.210000 0.714286 0.714286 1.00
0.152857 0.714286 0.718571 -1.00
0.214286 0.785714 0.714286 -1.00
0.207143 0.714286 0.778571 -1.00
0.142857 0.785714 0.764286 -1.00
0.215714 0.785714 0.928571 1.00
0.142857 0.714286 0.928571 1.00
0.142857 0.785714 0.864286 1.00
0.210000 0.714286 0.857143 1.00
0.152857 0.714286 0.861429 -1.00
0.214286 0.785714 0.857143 -1.00
0.207143 0.714286 0.921429 -1.00
0.142857 0.785714 0.907143 -1.00
0.215714 0.928571 0.071429 1.00
0.142857 0.857143 0.071429 1.00
0.142857 0.928571 0.007143 1.00
0.210000 0.857143 0.000000 1.00
0.152857 0.857143 0.004286 -1.00
0.214286 0.928571 0.000000 -1.00
0.207143 0.857143 0.064286 -1.00
0.142857 0.928571 0.050000 -1.00
0.215714 0.928571 0.214286 1.00
0.142857 0.857143 0.214286 1.00
0.142857 0.928571 0.150000 1.00
0.210000 0.857143 0.142857 1.00
0.152857 0.857143 0.147143 -1.00
0.214286 0.928571 0.142857 -1.00
0.207143 0.857143 0.207143 -1.00
0.142857 0.928571 0.192857 -1.00
0.215714 0.928571 0.357143 1.00
0.142857 0.857143 0.357143 1.00
0.142857 0.928571 0.292857 1.00
0.210000 0.857143 0.285714 1.00
0.152857 0.857143 0.290000 -1.00
0.214286 0.928571 0.285714 -1.00
0.207143 0.857143 0.350000 -1.00
0.142857 0.928571 0.335714 -1.00
0.215714 0.928571 0.500000 1.00
0.142857 0.857143 0.500000 1.00
0.142857 0.928571 0.435714 1.00
0.210000 0.857143 0.428571 1.00
0.152857 0.857143 0.432857 -1.00
0.214286 0.928571 0.428571 -1.00
0.207143 0.857143 0.492857 -1.00
0.142857 0.928571 0.478571 -1.00
0.215714 0.928571 0.642857 1.00
0.142857 0.857143 0.642857 1.00
0.142857 0.928571 0.578571 1.00
0.210000 0.857143 0.571429 1.00
0.152857 0.857143 0.575714 -1.00
0.214286 0.928571 0.571429 -1.00
0.207143 0.857143 0.635714 -1.00
0.142857 0.928571 0.621429 -1.00
0.215714 0.928571 0.785714 1.00
0.142857 0.857143 0.785714 1.00
0.142857 0.928571 0.721429 1.00
0.210000 0.857143 0.714286 1.00
0.152857 0.857143 0.718571 -1.00
0.214286 0.928571 0.714286 -1.00
0.207143 0.857143 0.778571 -1.00
0.142857 0.928571 0.764286 -1.00
0.215714 0.928571 0.928571 1.00
0.142857 0.857143 0.928571 1.00
0.142857 0.928571 0.864286 1.00
0.210000 0.857143 0.857143 1.00
0.152857 0.857143 0.861429 -1.00
0.214286 0.928571 0.857143 -1.00
0.207143 0.857143 0.921429 -1.00
0.142857 0.928571 0.907143 -1.00
0.358571 0.071429 0.071429 1.00
0.285714 0.000000 0.071429 1.00
0.285714 0.071429 0.007143 1.00
0.352857 0.000000 0.000000 1.00
0.295714 0.000000 0.004286 -1.00
0.357143 0.071429 0.000000 -1.00
0.350000 0.000000 0.064286 -1.00
0.285714 0.071429 0.050000 -1.00
0.358571 0.071429 0.214286 1.00
0.285714 0.000000 0.214286 1.00
0.285714 0.071429 0.150000 1.00
0.352857 0.000000 0.142857 1.00
0.295714 0.000000 0.147143 -1.00
0.357143 0.071429 0.142857 -1.00
0.350000 0.000000 0.207143 -1.00
0.285714 0.071429 0.192857 -1.00
0.358571 0.071429 0.357143 1.00
0.285714 0.000000 0.357143 1.00
0.285714 0.071429 0.292857 1.00
0.352857 0.000000 0.285714 1.00
0.295714 0.000000 0.290000 -1.00
0.357143 0.071429 0.285714 -1.00
0.350000 0.000000 0.350000 -1.00
0.285714 0.071429 0.335714 -1.00
0.358571 0.071429 0.500000 1.00
0.285714 0.000000 0.500000 1.00
0.285714 0.071429 0.435714 1.00
0.352857 0.000000 0.428571 1.00
0.295714 0.000000 0.432857 -1.00
0.357143 0.071429 0.428571 -1.00
0.350000 0.000000 0.492857 -1.00
0.285714 0.071429 0.478571 -1.00
0.358571 0.071429 0.642857 1.00
0.285714 0.000000 0.642857 1.00
0.285714 0.071429 0.578571 1.00
0.352857 0.000000 0.571429 1.00
0.295714 0.000000 0.575714 -1.00
0.357143 0.071429 0.571429 -1.00
0.350000 0.000000 0.635714 -1.00
0.285714 0.071429 0.621429 -1.00
0.358571 0.071429 0.785714 1.00
0.285714 0.000000 0.785714 1.00
0.285714 0.071429 0.721429 1.00
0.352857 0.000000 0.714286 1.00
0.295714 0.000000 0.718571 -1.00
0.357143 0.071429 0.714286 -1.00
0.350000 0.000000 0.778571 -1.00
0.285714 0.071429 0.764286 -1.00
0.358571 0.071429 0.928571 1.00
0.285714 0.000000 0.928571 1.00
0.285714 0.071429 0.864286 1.00
0.352857 0.000000 0.857143 1.00
0.295714 0.000000 0.861429 -1.00
0.357143 0.071429 0.857143 -1.00
0.350000 0.000000 0.921429 -1.00
0.285714 0.071429 0.907143 -1.00
0.358571 0.214286 0.071429 1.00
0.285714 0.142857 0.071429 1.00
0.285714 0.214286 0.007143 1.00
0.352857 0.142857 0.000000 1.00
0.295714 0.142857 0.004286 -1.00
0.357143 0.214286 0.000000 -1.00
0.350000 0.142857 0.064286 -1.00
0.285714 0.214286 0.050000 -1.00
0.358571 0.214286 0.214286 1.00
0.285714 0.142857 0.214286 1.00
0.285714 0.214286 0.150000 1.00
0.352857 0.142857 0.142857 1.00
0.295714 0.142857 0.147143 -1.00
0.357143 0.214286 0.142857 -1.00
0.350000 0.142857 0.207143 -1.00
0.285714 0.214286 0.192857 -1.00
0.358571 0.214286 0.357143 1.00
0.285714 0.142857 0.357143 1.00
0.285714 0.214286 0.292857 1.00
0.352857 0.142857 0.285714 1.00
0.295714 0.142857 0.290000 -1.00
0.357143 0.214286 0.285714 -1.00
0.350000 0.142857 0.350000 -1.00
0.285714 0.214286 0.335714 -1.00
0.358571 0.214286 0.500000 1.00
0.285714 0.142857 0.500000 1.00
0.285714 0.214286 0.435714 1.00
0.352857 0.142857 0.428571 1.00
0.295714 0.142857 0.432857 -1.00
0.357143 0.214286 0.428571 -1.00
0.350000 0.142857 0.492857 -1.00
0.285714 0.214286 0.478571 -1.00
0.358571 0.214286 0.642857 1.00
0.285714 0.142857 0.642857 1.00
0.285714 0.214286 0.578571 1.00
0.352857 0.142857 0.571429 1.00
0.295714 0.142857 0.575714 -1.00
0.357143 0.214286 0.571429 -1.00
0.350000 0.142857 0.635714 -1.00
0.285714 0.214286 0.621429 -1.00
0.358571 0.214286 0.785714 1.00
0.285714 0.142857 0.785714 1.00
0.285714 0.214286 0.721429 1.00
0.352857 0.142857 0.714286 1.00
0.295714 0.142857 0.718571 -1.00
0.357143 0.214286 0.714286 -1.00
0.350000 0.142857 0.778571 -1.00
0.285714 0.214286 0.764286 -1.00
0.358571 0.214286 0.928571 1.00
0.285714 0.142857 0.928571 1.00
0.285714 0.214286 0.864286 1.00
0.352857 0.142857 0.857143 1.00
0.295714 0.142857 0.861429 -1.00
0.357143 0.214286 0.857143 -1.00
0.350000 0.142857 0.921429 -1.00
0.285714 0.214286 0.907143 -1.00
0.358571 0.357143 0.071429 1.00
0.285714 0.285714 0.071429 1.00
0.285714 0.357143 0.007143 1.00
0.352857 0.285714 0.000000 1.00
0.295714 0.285714 0.004286 -1.00
0.357143 0.357143 0.000000 -1.00
0.350000 0.285714 0.064286 -1.00
0.285714 0.357143 0.050000 -1.00
0.358571 0.357143 0.214286 1.00
0.285714 0.285714 0.214286 1.00
0.285714 0.357143 0.150000 1.00
0.352857 0.285714 0.142857 1.00
0.295714 0.285714 0.147143 -1.00
0.357143 0.357143 0.142857 -1.00
0.350000 0.285714 0.207143 -1.00
0.285714 0.357143 0.192857 -1.00
0.358571 0.357143 0.357143 1.00
0.285714 0.285714 0.357143 1.00
0.285714 0.357143 0.292857 1.00
0.352857 0.285714 0.285714 1.00
0.295714 0.285714 0.290000 -1.00
0.357143 0.357143 0.285714 -1.00
0.350000 0.285714 0.350000 -1.00
0.285714 0.357143 0.335714 -1.00
0.358571 0.357143 0.500000 1.00
0.285714 0.285714 0.500000 1.00
0.285714 0.357143 0.435714 1.00
0.352857 0.285714 0.428571 1.00
0.295714 0.285714 0.432857 -1.00
0.357143 0.357143 0.428571 -1.00
0.350000 0.285714 0.492857 -1.00
0.285714 0.357143 0.478571 -1.00
0.358571 0.357143 0.642857 1.00
0.285714 0.285714 0.642857 1.00
0.285714 0.357143 0.578571 1.00
0.352857 0.285714 0.571429 1.00
0.295714 0.285714 0.575714 -1.00
0.357143 0.357143 0.571429 -1.00
0.350000 0.285714 0.635714 -1.00
0.285714 0.357143 0.621429 -1.00
0.358571 0.357143 0.785714 1.00
0.285714 0.285714 0.785714 1.00
0.285714 0.357143 0.721429 1.00
0.352857 0.285714 0.714286 1.00
0.295714 0.285714 0.718571 -1.00
0.357143 0.357143 0.714286 -1.00
0.350000 0.285714 0.778571 -1.00
0.285714 0.357143 0.764286 -1.00
0.358571 0.357143 0.928571 1.00
0.285714 0.285714 0.928571 1.00
0.285714 0.357143 0.864286 1.00
0.352857 0.285714 0.857143 1.00
0.295714 0.285714 0.861429 -1.00
0.357143 0.357143 0.857143 -1.00
0.350000 0.285714 0.921429 -1.00
0.285714 0.357143 0.907143 -1.00
0.358571 0.500000 0.071429 1.00
0.285714 0.428571 0.071429 1.00
0.285714 0.500000 0.007143 1.00
0.352857 0.428571 0.000000 1.00
0.295714 0.428571 0.004286 -1.00
0.357143 0.500000 0.000000 -1.00
0.350000 0.428571 0.064286 -1.00
0.285714 0.500000 0.050000 -1.00
0.358571 0.500000 0.214286 1.00
0.285714 0.428571 0.214286 1.00
0.285714 0.500000 0.150000 1.00
0.352857 0.428571 0.142857 1.00
0.295714 0.428571 0.147143 -1.00
0.357143 0.500000 0.142857 -1.00
0.350000 0.428571 0.207143 -1.00
0.285714 0.500000 0.192857 -1.00
0.358571 0.500000 0.357143 1.00
0.285714 0.428571 0.357143 1.00
0.285714 0.500000 0.292857 1.00
0.352857 0.428571 0.285714 1.00
0.295714 0.428571 0.290000 -1.00
0.357143 0.500000 0.285714 -1.00
0.350000 0.428571 0.350000 -1.00
0.285714 0.500000 0.335714 -1.00
0.358571 0.500000 0.500000 1.00
0.285714 0.428571 0.500000 1.00
0.285714 0.500000 0.435714 1.00
0.352857 0.428571 0.428571 1.00
0.295714 0.428571 0.432857 -1.00
0.357143 0.500000 0.428571 -1.00
0.350000 0.428571 0.492857 -1.00
0.285714 0.500000 0.478571 -1.00
0.358571 0.500000 0.642857 1.00
0.285714 0.428571 0.642857 1.00
0.285714 0.500000 0.578571 1.00
0.352857 0.428571 0.571429 1.00
0.295714 0.428571 0.575714 -1.00
0.357143 0.500000 0.571429 -1.00
0.350000 0.428571 0.635714 -1.00
0.285714 0.500000 0.621429 -1.00
0.358571 0.500000 0.785714 1.00
0.285714 0.428571 0.785714 1.00
0.285714 0.500000 0.721429 1.00
0.352857 0.428571 0.714286 1.00
0.295714 0.428571 0.718571 -1.00
0.357143 0.500000 0.714286 -1.00
0.350000 0.428571 0.778571 -1.00
0.285714 0.500000 0.764286 -1.00
0.358571 0.500000 0.928571 1.00
0.285714 0.428571 0.928571 1.00
0.285714 0.500000 0.864286 1.00
0.352857 0.428571 0.857143 1.00
0.295714 0.428571 0.861429 -1.00
0.357143 0.500000 0.857143 -1.00
0.350000 0.428571 0.921429 -1.00
0.285714 0.500000 0.907143 -1.00
0.358571 0.642857 0.071429 1.00
0.285714 0.571429 0.071429 1.00
0.285714 0.642857 0.007143 1.00
0.352857 0.571429 0.000000 1.00
0.295714 0.571429 0.004286 -1.00
0.357143 0.642857 0.000000 -1.00
0.350000 0.571429 0.064286 -1.00
0.285714 0.642857 0.050000 -1.00
0.358571 0.642857 0.214286 1.00
0.285714 0.571429 0.214286 1.00
0.285714 0.642857 0.150000 1.00
0.352857 0.571429 0.142857 1.00
0.295714 0.571429 0.147143 -1.00
0.357143 0.642857 0.142857 -1.00
0.350000 0.571429 0.207143 -1.00
0.285714 0.642857 0.192857 -1.00
0.358571 0.642857 0.357143 1.00
0.285714 0.571429 0.357143 1.00
0.285714 0.642857 0.292857 1.00
0.352857 0.571429 0.285714 1.00
0.295714 0.571429 0.290000 -1.00
0.357143 0.642857 0.285714 -1.00
0.350000 0.571429 0.350000 -1.00
0.285714 0.642857 0.335714 -1.00
0.358571 0.642857 0.500000 1.00
0.285714 0.571429 0.500000 1.00
0.285714 0.642857 0.435714 1.00
0.352857 0.571429 0.428571 1.00
0.295714 0.571429 0.432857 -1.00
0.357143 0.642857 0.428571 -1.00
0.350000 0.571429 0.492857 -1.00
0.285714 0.642857 0.478571 -1.00
0.358571 0.642857 0.642857 1.00
0.285714 0.571429 0.642857 1.00
0.285714 0.642857 0.578571 1.00
0.352857 0.571429 0.571429 1.00
0.295714 0.571429 0.575714 -1.00
0.357143 0.642857 0.571429 -1.00
0.350000 0.571429 0.635714 -1.00
0.285714 0.642857 0.621429 -1.00
0.358571 0.642857 0.785714 1.00
0.285714 0.571429 0.785714 1.00
0.285714 0.642857 0.721429 1.00
0.352857 0.571429 0.714286 1.00
0.295714 0.571429 0.718571 -1.00
0.357143 0.642857 0.714286 -1.00
0.350000 0.571429 0.778571 -1.00
0.285714 0.642857 0.764286 -1.00
0.358571 0.642857 0.928571 1.00
0.285714 0.571429 0.928571 1.00
0.285714 0.642857 0.864286 1.00
0.352857 0.571429 0.857143 1.00
0.295714 0.571429 0.861429 -1.00
0.357143 0.642857 0.857143 -1.00
0.350000 0.571429 0.921429 -1.00
0.285714 0.642857 0.907143 -1.00
0.358571 0.785714 0.071429 1.00
0.285714 0.714286 0.071429 1.00
0.285714 0.785714 0.007143 1.00
0.352857 0.714286 0.000000 1.00
0.295714 0.714286 0.004286 -1.00
0.357143 0.785714 0.000000 -1.00
0.350000 0.714286 0.064286 -1.00
0.285714 0.785714 0.050000 -1.00
0.358571 0.785714 0.214286 1.00
0.285714 0.714286 0.214286 1.00
0.285714 0.785714 0.150000 1.00
0.352857 0.714286 0.142857 1.00
0.295714 0.714286 0.147143 -1.00
0.357143 0.785714 0.142857 -1.00
0.350000 0.714286 0.207143 -1.00
0.285714 0.785714 0.192857 -1.00
0.358571 0.785714 0.357143 1.00
0.285714 0.714286 0.357143 1.00
0.285714 0.785714 0.292857 1.00
0.352857 0.714286 0.285714 1.00
0.295714 0.714286 0.290000 -1.00
0.357143 0.785714 0.285714 -1.00
0.350000 0.714286 0.350000 -1.00
0.285714 0.785714 0.335714 -1.00
0.358571 0.785714 0.500000 1.00
0.285714 0.714286 0.500000 1.00
0.285714 0.785714 0.435714 1.00
0.352857 0.714286 0.428571 1.00
0.295714 0.714286 0.432857 -1.00
0.357143 0.785714 0.428571 -1.00
0.350000 0.714286 0.492857 -1.00
0.285714 0.785714 0.478571 -1.00
0.358571 0.785714 0.642857 1.00
0.285714 0.714286 0.642857 1.00
0.285714 0.785714 0.578571 1.00
0.352857 0.714286 0.571429 1.00
0.295714 0.714286 0.575714 -1.00
0.357143 0.785714 0.571429 -1.00
0.350000 0.714286 0.635714 -1.00
0.285714 0.785714 0.621429 -1.00
0.358571 0.785714 0.785714 1.00
0.285714 0.714286 0.785714 1.00
0.285714 0.785714 0.721429 1.00
0.352857 0.714286 0.714286 1.00
0.295714 0.714286 0.718571 -1.00
0.357143 0.785714 0.714286 -1.00
0.350000 0.714286 0.778571 -1.00
0.285714 0.785714 0.764286 -1.00
0.358571 0.785714 0.928571 1.00
0.285714 0.714286 0.928571 1.00
0.285714 0.785714 0.864286 1.00
0.352857 0.714286 0.857143 1.00
0.295714 0.714286 0.861429 -1.00
0.357143 0.785714 0.857143 -1.00
0.350000 0.714286 0.921429 -1.00
0.285714 0.785714 0.907143 -1.00
0.358571 0.928571 0.071429 1.00
0.285714 0.857143 0.071429 1.00
0.285714 0.928571 0.007143 1.00
0.352857 0.857143 0.000000 1.00
0.295714 0.857143 0.004286 -1.00
0.357143 0.928571 0.000000 -1.00
0.350000 0.857143 0.064286 -1.00
0.285714 0.928571 0.050000 -1.00
0.358571 0.928571 0.214286 1.00
0.285714 0.857143 0.214286 1.00
0.285714 0.928571 0.150000 1.00
0.352857 0.857143 0.142857 1.00
0.295714 0.857143 0.147143 -1.00
0.357143 0.928571 0.142857 -1.00
0.350000 0.857143 0.207143 -1.00
0.285714 0.928571 0.192857 -1.00
0.358571 0.928571 0.357143 1.00
0.285714 0.857143 0.357143 1.00
0.285714 0.928571 0.292857 1.00
0.352857 0.857143 0.285714 1.00
0.295714 0.857143 0.290000 -1.00
0.357143 0.928571 0.285714 -1.00
0.350000 0.857143 0.350000 -1.00
0.285714 0.928571 0.335714 -1.00
0.358571 0.928571 0.500000 1.00
0.285714 0.857143 0.500000 1.00
0.285714 0.928571 0.435714 1.00
0.352857 0.857143 0.428571 1.00
0.295714 0.857143 0.432857 -1.00
0.357143 0.928571 0.428571 -1.00
0.350000 0.857143 0.492857 -1.00
0.285714 0.928571 0.478571 -1.00
0.358571 0.928571 0.642857 1.00
0.285714 0.857143 0.642857 1.00
0.285714 0.928571 0.578571 1.00
0.352857 0.857143 0.571429 1.00
0.295714 0.857143 0.575714 -1.00
0.357143 0.928571 0.571429 -1.00
0.350000 0.857143 0.635714 -1.00
0.285714 0.928571 0.621429 -1.00
0.358571 0.928571 0.785714 1.00
0.285714 0.857143 0.785714 1.00
0.285714 0.928571 0.721429 1.00
0.352857 0.857143 0.714286 1.00
0.295714 0.857143 0.718571 -1.00
0.357143 0.928571 0.714286 -1.00
0.350000 0.857143 0.778571 -1.00
0.285714 0.928571 0.764286 -1.00
0.358571 0.928571 0.928571 1.00
0.285714 0.857143 0.928571 1.00
0.285714 0.928571 0.864286 1.00
0.352857 0.857143 0.857143 1.00
0.295714 0.857143 0.861429 -1.00
0.357143 0.928571 0.857143 -1.00
0.350000 0.857143 0.921429 -1.00
0.285714 0.928571 0.907143 -1.00
0.501429 0.071429 0.071429 1.00
0.428571 0.000000 0.071429 1.00
0.428571 0.071429 0.007143 1.00
0.495714 0.000000 0.000000 1.00
0.438571 0.000000 0.004286 -1.00
0.500000 0.071429 0.000000 -1.00
0.492857 0.000000 0.064286 -1.00
0.428571 0.071429 0.050000 -1.00
0.501429 0.071429 0.214286 1.00
0.428571 0.000000 0.214286 1.00
0.428571 0.071429 0.150000 1.00
0.495714 0.000000 0.142857 1.00
0.438571 0.000000 0.147143 -1.00
0.500000 0.071429 0.142857 -1.00
0.492857 0.000000 0.207143 -1.00
0.428571 0.071429 0.192857 -1.00
0.501429 0.071429 0.357143 1.00
0.428571 0.000000 0.357143 1.00
0.428571 0.071429 0.292857 1.00
0.495714 0.000000 0.285714 1.00
0.438571 0.000000 0.290000 -1.00
0.500000 0.071429 0.285714 -1.00
0.492857 0.000000 0.350000 -1.00
0.428571 0.071429 0.335714 -1.00
0.501429 0.071429 0.500000 1.00
0.428571 0.000000 0.500000 1.00
0.428571 0.071429 0.435714 1.00
0.495714 0.000000 0.428571 1.00
0.438571 0.000000 0.432857 -1.00
0.500000 0.071429 0.428571 -1.00
0.492857 0.000000 0.492857 -1.00
0.428571 0.071429 0.478571 -1.00
0.501429 0.071429 0.642857 1.00
0.428571 0.000000 0.642857 1.00
0.428571 0.071429 0.578571 1.00
0.495714 0.000000 0.571429 1.00
0.438571 0.000000 0.575714 -1.00
0.500000 0.071429 0.571429 -1.00
0.492857 0.000000 0.635714 -1.00
0.428571 0.071429 0.621429 -1.00
0.501429 0.071429 0.785714 1.00
0.428571 0.000000 0.785714 1.00
0.428571 0.071429 0.721429 1.00
0.495714 0.000000 0.714286 1.00
0.438571 0.000000 0.718571 -1.00
0.500000 0.071429 0.714286 -1.00
0.492857 0.000000 0.778571 -1.00
0.428571 0.071429 0.764286 -1.00
0.501429 0.071429 0.928571 1.00
0.428571 0.000000 0.928571 1.00
0.428571 0.071429 0.864286 1.00
0.495714 0.000000 0.857143 1.00
0.438571 0.000000 0.861429 -1.00
0.500000 0.071429 0.857143 -1.00
0.492857 0.000000 0.921429 -1.00
0.428571 0.071429 0.907143 -1.00
0.501429 0.214286 0.071429 1.00
0.428571 0.142857 0.071429 1.00
0.428571 0.214286 0.007143 1.00
0.495714 0.142857 0.000000 1.00
0.438571 0.142857 0.004286 -1.00
0.500000 0.214286 0.000000 -1.00
0.492857 0.142857 0.064286 -1.00
0.428571 0.214286 0.050000 -1.00
0.501429 0.214286 0.214286 1.00
0.428571 0.142857 0.214286 1.00
0.428571 0.214286 0.150000 1.00
0.495714 0.142857 0.142857 1.00
0.438571 0.142857 0.147143 -1.00
0.500000 0.214286 0.142857 -1.00
0.492857 0.142857 0.207143 -1.00
0.428571 0.214286 0.192857 -1.00
0.501429 0.214286 0.357143 1.00
0.428571 0.142857 0.357143 1.00
0.428571 0.214286 0.292857 1.00
0.495714 0.142857 0.285714 1.00
0.438571 0.142857 0.290000 -1.00
0.500000 0.214286 0.285714 -1.00
0.492857 0.142857 0.350000 -1.00
0.428571 0.214286 0.335714 -1.00
0.501429 0.214286 0.500000 1.00
0.428571 0.142857 0.500000 1.00
0.428571 0.214286 0.435714 1.00
0.495714 0.142857 0.428571 1.00
0.438571 0.142857 0.432857 -1.00
0.500000 0.214286 0.428571 -1.00
0.492857 0.142857 0.492857 -1.00
0.428571 0.214286 0.478571 -1.00
0.501429 0.214286 0.642857 1.00
0.428571 0.142857 0.642857 1.00
0.428571 0.214286 0.578571 1.00
0.495714 0.142857 0.571429 1.00
0.438571 0.142857 0.575714 -1.00
0.500000 0.214286 0.571429 -1.00
0.492857 0.142857 0.635714 -1.00
0.428571 0.214286 0.621429 -1.00
0.501429 0.214286 0.785714 1.00
0.428571 0.142857 0.785714 1.00
0.428571 0.214286 0.721429 1.00
0.495714 0.142857 0.714286 1.00
0.438571 0.142857 0.718571 -1.00
0.500000 0.214286 0.714286 -1.00
0.492857 0.142857 0.778571 -1.00
0.428571 0.214286 0.764286 -1.00
0.501429 0.214286 0.928571 1.00
0.428571 0.142857 0.928571 1.00
0.428571 0.214286 0.864286 1.00
0.495714 0.142857 0.857143 1.00
0.438571 0.142857 0.861429 -1.00
0.500000 0.214286 0.857143 -1.00
0.492857 0.142857 0.921429 -1.00
0.428571 0.214286 0.907143 -1.00
0.501429 0.357143 0.071429 1.00
0.428571 0.285714 0.071429 1.00
0.428571 0.357143 0.007143 1.00
0.495714 0.285714 0.000000 1.00
0.438571 0.285714 0.004286 -1.00
0.500000 0.357143 0.000000 -1.00
0.492857 0.285714 0.064286 -1.00
0.428571 0.357143 0.050000 -1.00
0.501429 0.357143 0.214286 1.00
0.428571 0.285714 0.214286 1.00
0.428571 0.357143 0.150000 1.00
0.495714 0.285714 0.142857 1.00
0.438571 0.285714 0.147143 -1.00
0.500000 0.357143 0.142857 -1.00
0.492857 0.285714 0.207143 -1.00
0.428571 0.357143 0.192857 -1.00
0.501429 0.357143 0.357143 1.00
0.428571 0.285714 0.357143 1.00
0.428571 0.357143 0.292857 1.00
0.495714 0.285714 0.285714 1.00
0.438571 0.285714 0.290000 -1.00
0.500000 0.357143 0.285714 -1.00
0.492857 0.285714 0.350000 -1.00
0.428571 0.357143 0.335714 -1.00
0.501429 0.357143 0.500000 1.00
0.428571 0.285714 0.500000 1.00
0.428571 0.357143 0.435714 1.00
0.495714 0.285714 0.428571 1.00
0.438571 0.285714 0.432857 -1.00
0.500000 0.357143 0.428571 -1.00
0.492857 0.285714 0.492857 -1.00
0.428571 0.357143 0.478571 -1.00
0.501429 0.357143 0.642857 1.00
0.428571 0.285714 0.642857 1.00
0.428571 0.357143 0.578571 1.00
0.495714 0.285714 0.571429 1.00
0.438571 0.285714 0.575714 -1.00
0.500000 0.357143 0.571429 -1.00
0.492857 0.285714 0.635714 -1.00
0.428571 0.357143 0.621429 -1.00
0.501429 0.357143 0.785714 1.00
0.428571 0.285714 0.785714 1.00
0.428571 0.357143 0.721429 1.00
0.495714 0.285714 0.714286 1.00
0.438571 0.285714 0.718571 -1.00
0.500000 0.357143 0.714286 -1.00
0.492857 0.285714 0.778571 -1.00
0.428571 0.357143 0.764286 -1.00
0.501429 0.357143 0.928571 1.00
0.428571 0.285714 0.928571 1.00
0.428571 0.357143 0.864286 1.00
0.495714 0.285714 0.857143 1.00
0.438571 0.285714 0.861429 -1.00
0.500000 0.357143 0.857143 -1.00
0.492857 0.285714 0.921429 -1.00
0.428571 0.357143 0.907143 -1.00
0.501429 0.500000 0.071429 1.00
0.428571 0.428571 0.071429 1.00
0.428571 0.500000 0.007143 1.00
0.495714 0.428571 0.000000 1.00
0.438571 0.428571 0.004286 -1.00
0.500000 0.500000 0.000000 -1.00
0.492857 0.428571 0.064286 -1.00
0.428571 0.500000 0.050000 -1.00
0.501429 0.500000 0.214286 1.00
0.428571 0.428571 0.214286 1.00
0.428571 0.500000 0.150000 1.00
0.495714 0.428571 0.142857 1.00
0.438571 0.428571 0.147143 -1.00
0.500000 0.500000 0.142857 -1.00
0.492857 0.428571 0.207143 -1.00
0.428571 0.500000 0.192857 -1.00
0.501429 0.500000 0.357143 1.00
0.428571 0.428571 0.357143 1.00
0.428571 0.500000 0.292857 1.00
0.495714 0.428571 0.285714 1.00
0.438571 0.428571 0.290000 -1.00
0.500000 0.500000 0.285714 -1.00
0.492857 0.428571 0.350000 -1.00
0.428571 0.500000 0.335714 -1.00
0.501429 0.500000 0.500000 1.00
0.428571 0.428571 0.500000 1.00
0.428571 0.500000 0.435714 1.00
0.495714 0.428571 0.428571 1.00
0.438571 0.428571 0.432857 -1.00
0.500000 0.500000 0.428571 -1.00
0.492857 0.428571 0.492857 -1.00
0.428571 0.500000 0.478571 -1.00
0.501429 0.500000 0.642857 1.00
0.428571 0.428571 0.642857 1.00
0.428571 0.500000 0.578571 1.00
0.495714 0.428571 0.571429 1.00
0.438571 0.428571 0.575714 -1.00
0.500000 0.500000 0.571429 -1.00
0.492857 0.428571 0.635714 -1.00
0.428571 0.500000 0.621429 -1.00
0.501429 0.500000 0.785714 1.00
0.428571 0.428571 0.785714 1.00
0.428571 0.500000 0.721429 1.00
0.495714 0.428571 0.714286 1.00
0.438571 0.428571 0.718571 -1.00
0.500000 0.500000 0.714286 -1.00
0.492857 0.428571 0.778571 -1.00
0.428571 0.500000 0.764286 -1.00
0.501429 0.500000 0.928571 1.00
0.428571 0.428571 0.928571 1.00
0.428571 0.500000 0.864286 1.00
0.495714 0.428571 0.857143 1.00
0.438571 0.428571 0.861429 -1.00
0.500000 0.500000 0.857143 -1.00
0.492857 0.428571 0.921429 -1.00
0.428571 0.500000 0.907143 -1.00
0.501429 0.642857 0.071429 1.00
0.428571 0.571429 0.071429 1.00
0.428571 0.642857 0.007143 1.00
0.495714 0.571429 0.000000 1.00
0.438571 0.571429 0.004286 -1.00
0.500000 0.642857 0.000000 -1.00
0.492857 0.571429 0.064286 -1.00
0.428571 0.642857 0.050000 -1.00
0.501429 0.642857 0.214286 1.00
0.428571 0.571429 0.214286 1.00
0.428571 0.642857 0.150000 1.00
0.495714 0.571429 0.142857 1.00
0.438571 0.571429 0.147143 -1.00
0.500000 0.642857 0.142857 -1.00
0.492857 0.571429 0.207143 -1.00
0.428571 0.642857 0.192857 -1.00
0.501429 0.642857 0.357143 1.00
0.428571 0.571429 0.357143 1.00
0.428571 0.642857 0.292857 1.00
0.495714 0.571429 0.285714 1.00
0.438571 0.571429 0.290000 -1.00
0.500000 0.642857 0.285714 -1.00
0.492857 0.571429 0.350000 -1.00
0.428571 0.642857 0.335714 -1.00
0.501429 0.642857 0.500000 1.00
0.428571 0.571429 0.500000 1.00
0.428571 0.642857 0.435714 1.00
0.495714 0.571429 0.428571 1.00
0.438571 0.571429 0.432857 -1.00
0.500000 0.642857 0.428571 -1.00
0.492857 0.571429 0.492857 -1.00
0.428571 0.642857 0.478571 -1.00
0.501429 0.642857 0.642857 1.00
0.428571 0.571429 0.642857 1.00
0.428571 0.642857 0.578571 1.00
0.495714 0.571429 0.571429 1.00
0.438571 0.571429 0.575714 -1.00
0.500000 0.642857 0.571429 -1.00
0.492857 0.571429 0.635714 -1.00
0.428571 0.642857 0.621429 -1.00
0.501429 0.642857 0.785714 1.00
0.428571 0.571429 0.785714 1.00
0.428571 0.642857 0.721429 1.00
0.495714 0.571429 0.714286 1.00
0.438571 0.571429 0.718571 -1.00
0.500000 0.642857 0.714286 -1.00
0.492857 0.571429 0.778571 -1.00
0.428571 0.642857 0.764286 -1.00
0.501429 0.642857 0.928571 1.00
0.428571 0.571429 0.928571 1.00
0.428571 0.642857 0.864286 1.00
0.495714 0.571429 0.857143 1.00
0.438571 0.571429 0.861429 -1.00
0.500000 0.642857 0.857143 -1.00
0.492857 0.571429 0.921429 -1.00
0.428571 0.642857 0.907143 -1.00
0.501429 0.785714 0.071429 1.00
0.428571 0.714286 0.071429 1.00
0.428571 0.785714 0.007143 1.00
0.495714 0.714286 0.000000 1.00
0.438571 0.714286 0.004286 -1.00
0.500000 0.785714 0.000000 -1.00
0.492857 0.714286 0.064286 -1.00
0.428571 0.785714 0.050000 -1.00
0.501429 0.785714 0.214286 1.00
0.428571 0.714286 0.214286 1.00
0.428571 0.785714 0.150000 1.00
0.495714 0.714286 0.142857 1.00
0.438571 0.714286 0.147143 -1.00
0.500000 0.785714 0.142857 -1.00
0.492857 0.714286 0.207143 -1.00
0.428571 0.785714 0.192857 -1.00
0.501429 0.785714 0.357143 1.00
0.428571 0.714286 0.357143 1.00
0.428571 0.785714 0.292857 1.00
0.495714 0.714286 0.285714 1.00
0.438571 0.714286 0.290000 -1.00
0.500000 0.785714 0.285714 -1.00
0.492857 0.714286 0.350000 -1.00
0.428571 0.785714 0.335714 -1.00
0.501429 0.785714 0.500000 1.00
0.428571 0.714286 0.500000 1.00
0.428571 0.785714 0.435714 1.00
0.495714 0.714286 0.428571 1.00
0.438571 0.714286 0.432857 -1.00
0.500000 0.785714 0.428571 -1.00
0.492857 0.714286 0.492857 -1.00
0.428571 0.785714 0.478571 -1.00
0.501429 0.785714 0.642857 1.00
0.428571 0.714286 0.642857 1.00
0.428571 0.785714 0.578571 1.00
0.495714 0.714286 0.571429 1.00
0.438571 0.714286 0.575714 -1.00
0.500000 0.785714 0.571429 -1.00
0.492857 0.714286 0.635714 -1.00
0.428571 0.785714 0.621429 -1.00
0.501429 0.785714 0.785714 1.00
0.428571 0.714286 0.785714 1.00
0.428571 0.785714 0.721429 1.00
0.495714 0.714286 0.714286 1.00
0.438571 0.714286 0.718571 -1.00
0.500000 0.785714 0.714286 -1.00
0.492857 0.714286 0.778571 -1.00
0.428571 0.785714 0.764286 -1.00
0.501429 0.785714 0.928571 1.00
0.428571 0.714286 0.928571 1.00
0.428571 0.785714 0.864286 1.00
0.495714 0.714286 0.857143 1.00
0.438571 0.714286 0.861429 -1.00
0.500000 0.785714 0.857143 -1.00
0.492857 0.714286 0.921429 -1.00
0.428571 0.785714 0.907143 -1.00
0.501429 0.928571 0.071429 1.00
0.428571 0.857143 0.071429 1.00
0.428571 0.928571 0.007143 1.00
0.495714 0.857143 0.000000 1.00
0.438571 0.857143 0.004286 -1.00
0.500000 0.928571 0.000000 -1.00
0.492857 0.857143 0.064286 -1.00
0.428571 0.928571 0.050000 -1.00
0.501429 0.928571 0.214286 1.00
0.428571 0.857143 0.214286 1.00
0.428571 0.928571 0.150000 1.00
0.495714 0.857143 0.142857 1.00
0.438571 0.857143 0.147143 -1.00
0.500000 0.928571 0.142857 -1.00
0.492857 0.857143 0.207143 -1.00
0.428571 0.928571 0.192857 -1.00
0.501429 0.928571 0.357143 1.00
0.428571 0.857143 0.357143 1.00
0.428571 0.928571 0.292857 1.00
0.495714 0.857143 0.285714 1.00
0.438571 0.857143 0.290000 -1.00
0.500000 0.928571 0.285714 -1.00
0.492857 0.857143 0.350000 -1.00
0.428571 0.928571 0.335714 -1.00
0.501429 0.928571 0.500000 1.00
0.428571 0.857143 0.500000 1.00
0.428571 0.928571 0.435714 1.00
0.495714 0.857143 0.428571 1.00
0.438571 0.857143 0.432857 -1.00
0.500000 0.928571 0.428571 -1.00
0.492857 0.857143 0.492857 -1.00
0.428571 0.928571 0.478571 -1.00
0.501429 0.928571 0.642857 1.00
0.428571 0.857143 0.642857 1.00
0.428571 0.928571 0.578571 1.00
0.495714 0.857143 0.571429 1.00
0.438571 0.857143 0.575714 -1.00
0.500000 0.928571 0.571429 -1.00
0.492857 0.857143 0.635714 -1.00
0.428571 0.928571 0.621429 -1.00
0.501429 0.928571 0.785714 1.00
0.428571 0.857143 0.785714 1.00
0.428571 0.928571 0.721429 1.00
0.495714 0.857143 0.714286 1.00
0.438571 0.857143 0.718571 -1.00
0.500000 0.928571 0.714286 -1.00
0.492857 0.857143 0.778571 -1.00
0.428571 0.928571 0.764286 -1.00
0.501429 0.928571 0.928571 1.00
0.428571 0.857143 0.928571 1.00
0.428571 0.928571 0.864286 1.00
0.495714 0.857143 0.857143 1.00
0.438571 0.857143 0.861429 -1.00
0.500000 0.928571 0.857143 -1.00
0.492857 0.857143 0.921429 -1.00
0.428571 0.928571 0.907143 -1.00
0.644286 0.071429 0.071429 1.00
0.571429 0.000000 0.071429 1.00
0.571429 0.071429 0.007143 1.00
0.638571 0.000000 0.000000 1.00
0.581429 0.000000 0.004286 -1.00
0.642857 0.071429 0.000000 -1.00
0.635714 0.000000 0.064286 -1.00
0.571429 0.071429 0.050000 -1.00
0.644286 0.071429 0.214286 1.00
0.571429 0.000000 0.214286 1.00
0.571429 0.071429 0.150000 1.00
0.638571 0.000000 0.142857 1.00
0.581429 0.000000 0.147143 -1.00
0.642857 0.071429 0.142857 -1.00
0.635714 0.000000 0.207143 -1.00
0.571429 0.071429 0.192857 -1.00
0.644286 0.071429 0.357143 1.00
0.571429 0.000000 0.357143 1.00
0.571429 0.071429 0.292857 1.00
0.638571 0.000000 0.285714 1.00
0.581429 0.000000 0.290000 -1.00
0.642857 0.071429 0.285714 -1.00
0.635714 0.000000 0.350000 -1.00
0.571429 0.071429 0.335714 -1.00
0.644286 0.071429 0.500000 1.00
0.571429 0.000000 0.500000 1.00
0.571429 0.071429 0.435714 1.00
0.638571 0.000000 0.428571 1.00
0.581429 0.000000 0.432857 -1.00
0.642857 0.071429 0.428571 -1.00
0.635714 0.000000 0.492857 -1.00
0.571429 0.071429 0.478571 -1.00
0.644286 0.071429 0.642857 1.00
0.571429 0.000000 0.642857 1.00
0.571429 0.071429 0.578571 1.00
0.638571 0.000000 0.571429 1.00
0.581429 0.000000 0.575714 -1.00
0.642857 0.071429 0.571429 -1.00
0.635714 0.000000 0.635714 -1.00
0.571429 0.071429 0.621429 -1.00
0.644286 0.071429 0.785714 1.00
0.571429 0.000000 0.785714 1.00
0.571429 0.071429 0.721429 1.00
0.638571 0.000000 0.714286 1.00
0.581429 0.000000 0.718571 -1.00
0.642857 0.071429 0.714286 -1.00
0.635714 0.000000 0.778571 -1.00
0.571429 0.071429 0.764286 -1.00
0.644286 0.071429 0.928571 1.00
0.571429 0.000000 0.928571 1.00
0.571429 0.071429 0.864286 1.00
0.638571 0.000000 0.857143 1.00
0.581429 0.000000 0.861429 -1.00
0.642857 0.071429 0.857143 -1.00
0.635714 0.000000 0.921429 -1.00
0.571429 0.071429 0.907143 -1.00
0.644286 0.214286 0.071429 1.00
0.571429 0.142857 0.071429 1.00
0.571429 0.214286 0.007143 1.00
0.638571 0.142857 0.000000 1.00
0.581429 0.142857 0.004286 -1.00
0.642857 0.214286 0.000000 -1.00
0.635714 0.142857 0.064286 -1.00
0.571429 0.214286 0.050000 -1.00
0.644286 0.214286 0.214286 1.00
0.571429 0.142857 0.214286 1.00
0.571429 0.214286 0.150000 1.00
0.638571 0.142857 0.142857 1.00
0.581429 0.142857 0.147143 -1.00
0.642857 0.214286 0.142857 -1.00
0.635714 0.142857 0.207143 -1.00
0.571429 0.214286 0.192857 -1.00
0.644286 0.214286 0.357143 1.00
0.571429 0.142857 0.357143 1.00
0.571429 0.214286 0.292857 1.00
0.638571 0.142857 0.285714 1.00
0.581429 0.142857 0.290000 -1.00
0.642857 0.214286 0.285714 -1.00
0.635714 0.142857 0.350000 -1.00
0.571429 0.214286 0.335714 -1.00
0.644286 0.214286 0.500000 1.00
0.571429 0.142857 0.500000 1.00
0.571429 0.214286 0.435714 1.00
0.638571 0.142857 0.428571 1.00
0.581429 0.142857 0.432857 -1.00
0.642857 0.214286 0.428571 -1.00
0.635714 0.142857 0.492857 -1.00
0.571429 0.214286 0.478571 -1.00
0.644286 0.214286 0.642857 1.00
0.571429 0.142857 0.642857 1.00
0.571429 0.214286 0.578571 1.00
0.638571 0.142857 0.571429 1.00
0.581429 0.142857 0.575714 -1.00
0.642857 0.214286 0.571429 -1.00
0.635714 0.142857 0.635714 -1.00
0.571429 0.214286 0.621429 -1.00
0.644286 0.214286 0.785714 1.00
0.571429 0.142857 0.785714 1.00
0.571429 0.214286 0.721429 1.00
0.638571 0.142857 0.714286 1.00
0.581429 0.142857 0.718571 -1.00
0.642857 0.214286 0.714286 -1.00
0.635714 0.142857 0.778571 -1.00
0.571429 0.214286 0.764286 -1.00
0.644286 0.214286 0.928571 1.00
0.571429 0.142857 0.928571 1.00
0.571429 0.214286 0.864286 1.00
0.638571 0.142857 0.857143 1.00
0.581429 0.142857 0.861429 -1.00
0.642857 0.214286 0.857143 -1.00
0.635714 0.142857 0.921429 -1.00
0.571429 0.214286 0.907143 -1.00
0.644286 0.357143 0.071429 1.00
0.571429 0.285714 0.071429 1.00
0.571429 0.357143 0.007143 1.00
0.638571 0.285714 0.000000 1.00
0.581429 0.285714 0.004286 -1.00
0.642857 0.357143 0.000000 -1.00
0.635714 0.285714 0.064286 -1.00
0.571429 0.357143 0.050000 -1.00
0.644286 0.357143 0.214286 1.00
0.571429 0.285714 0.214286 1.00
0.571429 0.357143 0.150000 1.00
0.638571 0.285714 0.142857 1.00
0.581429 0.285714 0.147143 -1.00
0.642857 0.357143 0.142857 -1.00
0.635714 0.285714 0.207143 -1.00
0.571429 0.357143 0.192857 -1.00
0.644286 0.357143 0.357143 1.00
0.571429 0.285714 0.357143 1.00
0.571429 0.357143 0.292857 1.00
0.638571 0.285714 0.285714 1.00
0.581429 0.285714 0.290000 -1.00
0.642857 0.357143 0.285714 -1.00
0.635714 0.285714 0.350000 -1.00
0.571429 0.357143 0.335714 -1.00
0.644286 0.357143 0.500000 1.00
0.571429 0.285714 0.500000 1.00
0.571429 0.357143 0.435714 1.00
0.638571 0.285714 0.428571 1.00
0.581429 0.285714 0.432857 -1.00
0.642857 0.357143 0.428571 -1.00
0.635714 0.285714 0.492857 -1.00
0.571429 0.357143 0.478571 -1.00
0.644286 0.357143 0.642857 1.00
0.571429 0.285714 0.642857 1.00
0.571429 0.357143 0.578571 1.00
0.638571 0.285714 0.571429 1.00
0.581429 0.285714 0.575714 -1.00
0.642857 0.357143 0.571429 -1.00
0.635714 0.285714 0.635714 -1.00
0.571429 0.357143 0.621429 -1.00
0.644286 0.357143 0.785714 1.00
0.571429 0.285714 0.785714 1.00
0.571429 0.357143 0.721429 1.00
0.638571 0.285714 0.714286 1.00
0.581429 0.285714 0.718571 -1.00
0.642857 0.357143 0.714286 -1.00
0.635714 0.285714 0.778571 -1.00
0.571429 0.357143 0.764286 -1.00
0.644286 0.357143 0.928571 1.00
0.571429 0.285714 0.928571 1.00
0.571429 0.357143 0.864286 1.00
0.638571 0.285714 0.857143 1.00
0.581429 0.285714 0.861429 -1.00
0.642857 0.357143 0.857143 -1.00
0.635714 0.285714 0.921429 -1.00
0.571429 0.357143 0.907143 -1.00
0.644286 0.500000 0.071429 1.00
0.571429 0.428571 0.071429 1.00
0.571429 0.500000 0.007143 1.00
0.638571 0.428571 0.000000 1.00
0.581429 0.428571 0.004286 -1.00
0.642857 0.500000 0.000000 -1.00
0.635714 0.428571 0.064286 -1.00
0.571429 0.500000 0.050000 -1.00
0.644286 0.500000 0.214286 1.00
0.571429 0.428571 0.214286 1.00
0.571429 0.500000 0.150000 1.00
0.638571 0.428571 0.142857 1.00
0.581429 0.428571 0.147143 -1.00
0.642857 0.500000 0.142857 -1.00
0.635714 0.428571 0.207143 -1.00
0.571429 0.500000 0.192857 -1.00
0.644286 0.500000 0.357143 1.00
0.571429 0.428571 0.357143 1.00
0.571429 0.500000 0.292857 1.00
0.638571 0.428571 0.285714 1.00
0.581429 0.428571 0.290000 -1.00
0.642857 0.500000 0.285714 -1.00
0.635714 0.428571 0.350000 -1.00
0.571429 0.500000 0.335714 -1.00
0.644286 0.500000 0.500000 1.00
0.571429 0.428571 0.500000 1.00
0.571429 0.500000 0.435714 1.00
0.638571 0.428571 0.428571 1.00
0.581429 0.428571 0.432857 -1.00
0.642857 0.500000 0.428571 -1.00
0.635714 0.428571 0.492857 -1.00
0.571429 0.500000 0.478571 -1.00
0.644286 0.500000 0.642857 1.00
0.571429 0.428571 0.642857 1.00
0.571429 0.500000 0.578571 1.00
0.638571 0.428571 0.571429 1.00
0.581429 0.428571 0.575714 -1.00
0.642857 0.500000 0.571429 -1.00
0.635714 0.428571 0.635714 -1.00
0.571429 0.500000 0.621429 -1.00
0.644286 0.500000 0.785714 1.00
0.571429 0.428571 0.785714 1.00
0.571429 0.500000 0.721429 1.00
0.638571 0.428571 0.714286 1.00
0.581429 0.428571 0.718571 -1.00
0.642857 0.500000 0.714286 -1.00
0.635714 0.428571 0.778571 -1.00
0.571429 0.500000 0.764286 -1.00
0.644286 0.500000 0.928571 1.00
0.571429 0.428571 0.928571 1.00
0.571429 0.500000 0.864286 1.00
0.638571 0.428571 0.857143 1.00
0.581429 0.428571 0.861429 -1.00
0.642857 0.500000 0.857143 -1.00
0.635714 0.428571 0.921429 -1.00
0.571429 0.500000 0.907143 -1.00
0.644286 0.642857 0.071429 1.00
0.571429 0.571429 0.071429 1.00
0.571429 0.642857 0.007143 1.00
0.638571 0.571429 0.000000 1.00
0.581429 0.571429 0.004286 -1.00
0.642857 0.642857 0.000000 -1.00
0.635714 0.571429 0.064286 -1.00
0.571429 0.642857 0.050000 -1.00
0.644286 0.642857 0.214286 1.00
0.571429 0.571429 0.214286 1.00
0.571429 0.642857 0.150000 1.00
0.638571 0.571429 0.142857 1.00
0.581429 0.571429 0.147143 -1.00
0.642857 0.642857 0.142857 -1.00
0.635714 0.571429 0.207143 -1.00
0.571429 0.642857 0.192857 -1.00
0.644286 0.642857 0.357143 1.00
0.571429 0.571429 0.357143 1.00
0.571429 0.642857 0.292857 1.00
0.638571 0.571429 0.285714 1.00
0.581429 0.571429 0.290000 -1.00
0.642857 0.642857 0.285714 -1.00
0.635714 0.571429 0.350000 -1.00
0.571429 0.642857 0.335714 -1.00
0.644286 0.642857 0.500000 1.00
0.571429 0.571429 0.500000 1.00
0.571429 0.642857 0.435714 1.00
0.638571 0.571429 0.428571 1.00
0.581429 0.571429 0.432857 -1.00
0.642857 0.642857 0.428571 -1.00
0.635714 0.571429 0.492857 -1.00
0.571429 0.642857 0.478571 -1.00
0.644286 0.642857 0.642857 1.00
0.571429 0.571429 0.642857 1.00
0.571429 0.642857 0.578571 1.00
0.638571 0.571429 0.571429 1.00
0.581429 0.571429 0.575714 -1.00
0.642857 0.642857 0.571429 -1.00
0.635714 0.571429 0.635714 -1.00
0.571429 0.642857 0.621429 -1.00
0.644286 0.642857 0.785714 1.00
0.571429 0.571429 0.785714 1.00
0.571429 0.642857 0.721429 1.00
0.638571 0.571429 0.714286 1.00
0.581429 0.571429 0.718571 -1.00
0.642857 0.642857 0.714286 -1.00
0.635714 0.571429 0.778571 -1.00
0.571429 0.642857 0.764286 -1.00
0.644286 0.642857 0.928571 1.00
0.571429 0.571429 0.928571 1.00
0.571429 0.642857 0.864286 1.00
0.638571 0.571429 0.857143 1.00
0.581429 0.571429 0.861429 -1.00
0.642857 0.642857 0.857143 -1.00
0.635714 0.571429 0.921429 -1.00
0.571429 0.642857 0.907143 -1.00
0.644286 0.785714 0.071429 1.00
0.571429 0.714286 0.071429 1.00
0.571429 0.785714 0.007143 1.00
0.638571 0.714286 0.000000 1.00
0.581429 0.714286 0.004286 -1.00
0.642857 0.785714 0.000000 -1.00
0.635714 0.714286 0.064286 -1.00
0.571429 0.785714 0.050000 -1.00
0.644286 0.785714 0.214286 1.00
0.571429 0.714286 0.214286 1.00
0.571429 0.785714 0.150000 1.00
0.638571 0.714286 0.142857 1.00
0.581429 0.714286 0.147143 -1.00
0.642857 0.785714 0.142857 -1.00
0.635714 0.714286 0.207143 -1.00
0.571429 0.785714 0.192857 -1.00
0.644286 0.785714 0.357143 1.00
0.571429 0.714286 0.357143 1.00
0.571429 0.785714 0.292857 1.00
0.638571 0.714286 0.285714 1.00
0.581429 0.714286 0.290000 -1.00
0.642857 0.785714 0.285714 -1.00
0.635714 0.714286 0.350000 -1.00
0.571429 0.785714 0.335714 -1.00
0.644286 0.785714 0.500000 1.00
0.571429 0.714286 0.500000 1.00
0.571429 0.785714 0.435714 1.00
0.638571 0.714286 0.428571 1.00
0.581429 0.714286 0.432857 -1.00
0.642857 0.785714 0.428571 -1.00
0.635714 0.714286 0.492857 -1.00
0.571429 0.785714 0.478571 -1.00
0.644286 0.785714 0.642857 1.00
0.571429 0.714286 0.642857 1.00
0.571429 0.785714 0.578571 1.00
0.638571 0.714286 0.571429 1.00
0.581429 0.714286 0.575714 -1.00
0.642857 0.785714 0.571429 -1.00
0.635714 0.714286 0.635714 -1.00
0.571429 0.785714 0.621429 -1.00
0.644286 0.785714 0.785714 1.00
0.571429 0.714286 0.785714 1.00
0.571429 0.785714 0.721429 1.00
0.638571 0.714286 0.714286 1.00
0.581429 0.714286 0.718571 -1.00
0.642857 0.785714 0.714286 -1.00
0.635714 0.714286 0.778571 -1.00
0.571429 0.785714 0.764286 -1.00
0.644286 0.785714 0.928571 1.00
0.571429 0.714286 0.928571 1.00
0.571429 0.785714 0.864286 1.00
0.638571 0.714286 0.857143 1.00
0.581429 0.714286 0.861429 -1.00
0.642857 0.785714 0.857143 -1.00
0.635714 0.714286 0.921429 -1.00
0.571429 0.785714 0.907143 -1.00
0.644286 0.928571 0.071429 1.00
0.571429 0.857143 0.071429 1.00
0.571429 0.928571 0.007143 1.00
0.638571 0.857143 0.000000 1.00
0.581429 0.857143 0.004286 -1.00
0.642857 0.928571 0.000000 -1.00
0.635714 0.857143 0.064286 -1.00
0.571429 0.928571 0.050000 -1.00
0.644286 0.928571 0.214286 1.00
0.571429 0.857143 0.214286 1.00
0.571429 0.928571 0.150000 1.00
0.638571 0.857143 0.142857 1.00
0.581429 0.857143 0.147143 -1.00
0.642857 0.928571 0.142857 -1.00
0.635714 0.857143 0.207143 -1.00
0.571429 0.928571 0.192857 -1.00
0.644286 0.928571 0.357143 1.00
0.571429 0.857143 0.357143 1.00
0.571429 0.928571 0.292857 1.00
0.638571 0.857143 0.285714 1.00
0.581429 0.857143 0.290000 -1.00
0.642857 0.928571 0.285714 -1.00
0.635714 0.857143 0.350000 -1.00
0.571429 0.928571 0.335714 -1.00
0.644286 0.928571 0.500000 1.00
0.571429 0.857143 0.500000 1.00
0.571429 0.928571 0.435714 1.00
0.638571 0.857143 0.428571 1.00
0.581429 0.857143 0.432857 -1.00
0.642857 0.928571 0.428571 -1.00
0.635714 0.857143 0.492857 -1.00
0.571429 0.928571 0.478571 -1.00
0.644286 0.928571 0.642857 1.00
0.571429 0.857143 0.642857 1.00
0.571429 0.928571 0.578571 1.00
0.638571 0.857143 0.571429 1.00
0.581429 0.857143 0.575714 -1.00
0.642857 0.928571 0.571429 -1.00
0.635714 0.857143 0.635714 -1.00
0.571429 0.928571 0.621429 -1.00
0.644286 0.928571 0.785714 1.00
0.571429 0.857143 0.785714 1.00
0.571429 0.928571 0.721429 1.00
0.638571 0.857143 0.714286 1.00
0.581429 0.857143 0.718571 -1.00
0.642857 0.928571 0.714286 -1.00
0.635714 0.857143 0.778571 -1.00
0.571429 0.928571 0.764286 -1.00
0.644286 0.928571 0.928571 1.00
0.571429 0.857143 0.928571 1.00
0.571429 0.928571 0.864286 1.00
0.638571 0.857143 0.857143 1.00
0.581429 0.857143 0.861429 -1.00
0.642857 0.928571 0.857143 -1.00
0.635714 0.857143 0.921429 -1.00
0.571429 0.928571 0.907143 -1.00
0.787143 0.071429 0.071429 1.00
0.714286 0.000000 0.071429 1.00
0.714286 0.071429 0.007143 1.00
0.781429 0.000000 0.000000 1.00
0.724286 0.000000 0.004286 -1.00
0.785714 0.071429 0.000000 -1.00
0.778571 0.000000 0.064286 -1.00
0.714286 0.071429 0.050000 -1.00
0.787143 0.071429 0.214286 1.00
0.714286 0.000000 0.214286 1.00
0.714286 0.071429 0.150000 1.00
0.781429 0.000000 0.142857 1.00
0.724286 0.000000 0.147143 -1.00
0.785714 0.071429 0.142857 -1.00
0.778571 0.000000 0.207143 -1.00
0.714286 0.071429 0.192857 -1.00
0.787143 0.071429 0.357143 1.00
0.714286 0.000000 0.357143 1.00
0.714286 0.071429 0.292857 1.00
0.781429 0.000000 0.285714 1.00
0.724286 0.000000 0.290000 -1.00
0.785714 0.071429 0.285714 -1.00
0.778571 0.000000 0.350000 -1.00
0.714286 0.071429 0.335714 -1.00
0.787143 0.071429 0.500000 1.00
0.714286 0.000000 0.500000 1.00
0.714286 0.071429 0.435714 1.00
0.781429 0.000000 0.428571 1.00
0.724286 0.000000 0.432857 -1.00
0.785714 0.071429 0.428571 -1.00
0.778571 0.000000 0.492857 -1.00
0.714286 0.071429 0.478571 -1.00
0.787143 0.071429 0.642857 1.00
0.714286 0.000000 0.642857 1.00
0.714286 0.071429 0.578571 1.00
0.781429 0.000000 0.571429 1.00
0.724286 0.000000 0.575714 -1.00
0.785714 0.071429 0.571429 -1.00
0.778571 0.000000 0.635714 -1.00
0.714286 0.071429 0.621429 -1.00
0.787143 0.071429 0.785714 1.00
0.714286 0.000000 0.785714 1.00
0.714286 0.071429 0.721429 1.00
0.781429 0.000000 0.714286 1.00
0.724286 0.000000 0.718571 -1.00
0.785714 0.071429 0.714286 -1.00
0.778571 0.000000 0.778571 -1.00
0.714286 0.071429 0.764286 -1.00
0.787143 0.071429 0.928571 1.00
0.714286 0.000000 0.928571 1.00
0.714286 0.071429 0.864286 1.00
0.781429 0.000000 0.857143 1.00
0.724286 0.000000 0.861429 -1.00
0.785714 0.071429 0.857143 -1.00
0.778571 0.000000 0.921429 -1.00
0.714286 0.071429 0.907143 -1.00
0.787143 0.214286 0.071429 1.00
0.714286 0.142857 0.071429 1.00
0.714286 0.214286 0.007143 1.00
0.781429 0.142857 0.000000 1.00
0.724286 0.142857 0.004286 -1.00
0.785714 0.214286 0.000000 -1.00
0.778571 0.142857 0.064286 -1.00
0.714286 0.214286 0.050000 -1.00
0.787143 0.214286 0.214286 1.00
0.714286 0.142857 0.214286 1.00
0.714286 0.214286 0.150000 1.00
0.781429 0.142857 0.142857 1.00
0.724286 0.142857 0.147143 -1.00
0.785714 0.214286 0.142857 -1.00
0.778571 0.142857 0.207143 -1.00
0.714286 0.214286 0.192857 -1.00
0.787143 0.214286 0.357143 1.00
0.714286 0.142857 0.357143 1.00
0.714286 0.214286 0.292857 1.00
0.781429 0.142857 0.285714 1.00
0.724286 0.142857 0.290000 -1.00
0.785714 0.214286 0.285714 -1.00
0.778571 0.142857 0.350000 -1.00
0.714286 0.214286 0.335714 -1.00
0.787143 0.214286 0.500000 1.00
0.714286 0.142857 0.500000 1.00
0.714286 0.214286 0.435714 1.00
0.781429 0.142857 0.428571 1.00
0.724286 0.142857 0.432857 -1.00
0.785714 0.214286 0.428571 -1.00
0.778571 0.142857 0.492857 -1.00
0.714286 0.214286 0.478571 -1.00
0.787143 0.214286 0.642857 1.00
0.714286 0.142857 0.642857 1.00
0.714286 0.214286 0.578571 1.00
0.781429 0.142857 0.571429 1.00
0.724286 0.142857 0.575714 -1.00
0.785714 0.214286 0.571429 -1.00
0.778571 0.142857 0.635714 -1.00
0.714286 0.214286 0.621429 -1.00
0.787143 0.214286 0.785714 1.00
0.714286 0.142857 0.785714 1.00
0.714286 0.214286 0.721429 1.00
0.781429 0.142857 0.714286 1.00
0.724286 0.142857 0.718571 -1.00
0.785714 0.214286 0.714286 -1.00
0.778571 0.142857 0.778571 -1.00
0.714286 0.214286 0.764286 -1.00
0.787143 0.214286 0.928571 1.00
0.714286 0.142857 0.928571 1.00
0.714286 0.214286 0.864286 1.00
0.781429 0.142857 0.857143 1.00
0.724286 0.142857 0.861429 -1.00
0.785714 0.214286 0.857143 -1.00
0.778571 0.142857 0.921429 -1.00
0.714286 0.214286 0.907143 -1.00
0.787143 0.357143 0.071429 1.00
0.714286 0.285714 0.071429 1.00
0.714286 0.357143 0.007143 1.00
0.781429 0.285714 0.000000 1.00
0.724286 0.285714 0.004286 -1.00
0.785714 0.357143 0.000000 -1.00
0.778571 0.285714 0.064286 -1.00
0.714286 0.357143 0.050000 -1.00
0.787143 0.357143 0.214286 1.00
0.714286 0.285714 0.214286 1.00
0.714286 0.357143 0.150000 1.00
0.781429 0.285714 0.142857 1.00
0.724286 0.285714 0.147143 -1.00
0.785714 0.357143 0.142857 -1.00
0.778571 0.285714 0.207143 -1.00
0.714286 0.357143 0.192857 -1.00
0.787143 0.357143 0.357143 1.00
0.714286 0.285714 0.357143 1.00
0.714286 0.357143 0.292857 1.00
0.781429 0.285714 0.285714 1.00
0.724286 0.285714 0.290000 -1.00
0.785714 0.357143 0.285714 -1.00
0.778571 0.285714 0.350000 -1.00
0.714286 0.357143 0.335714 -1.00
0.787143 0.357143 0.500000 1.00
0.714286 0.285714 0.500000 1.00
0.714286 0.357143 0.435714 1.00
0.781429 0.285714 0.428571 1.00
0.724286 0.285714 0.432857 -1.00
0.785714 0.357143 0.428571 -1.00
0.778571 0.285714 0.492857 -1.00
0.714286 0.357143 0.478571 -1.00
0.787143 0.357143 0.642857 1.00
0.714286 0.285714 0.642857 1.00
0.714286 0.357143 0.578571 1.00
0.781429 0.285714 0.571429 1.00
0.724286 0.285714 0.575714 -1.00
0.785714 0.357143 0.571429 -1.00
0.778571 0.285714 0.635714 -1.00
0.714286 0.357143 0.621429 -1.00
0.787143 0.357143 0.785714 1.00
0.714286 0.285714 0.785714 1.00
0.714286 0.357143 0.721429 1.00
0.781429 0.285714 0.714286 1.00
0.724286 0.285714 0.718571 -1.00
0.785714 0.357143 0.714286 -1.00
0.778571 0.285714 0.778571 -1.00
0.714286 0.357143 0.764286 -1.00
0.787143 0.357143 0.928571 1.00
0.714286 0.285714 0.928571 1.00
0.714286 0.357143 0.864286 1.00
0.781429 0.285714 0.857143 1.00
0.724286 0.285714 0.861429 -1.00
0.785714 0.357143 0.857143 -1.00
0.778571 0.285714 0.921429 -1.00
0.714286 0.357143 0.907143 -1.00
0.787143 0.500000 0.071429 1.00
0.714286 0.428571 0.071429 1.00
0.714286 0.500000 0.007143 1.00
0.781429 0.428571 0.000000 1.00
0.724286 0.428571 0.004286 -1.00
0.785714 0.500000 0.000000 -1.00
0.778571 0.428571 0.064286 -1.00
0.714286 0.500000 0.050000 -1.00
0.787143 0.500000 0.214286 1.00
0.714286 0.428571 0.214286 1.00
0.714286 0.500000 0.150000 1.00
0.781429 0.428571 0.142857 1.00
0.724286 0.428571 0.147143 -1.00
0.785714 0.500000 0.142857 -1.00
0.778571 0.428571 0.207143 -1.00
0.714286 0.500000 0.192857 -1.00
0.787143 0.500000 0.357143 1.00
0.714286 0.428571 0.357143 1.00
0.714286 0.500000 0.292857 1.00
0.781429 0.428571 0.285714 1.00
0.724286 0.428571 0.290000 -1.00
0.785714 0.500000 0.285714 -1.00
0.778571 0.428571 0.350000 -1.00
0.714286 0.500000 0.335714 -1.00
0.787143 0.500000 0.500000 1.00
0.714286 0.428571 0.500000 1.00
0.714286 0.500000 0.435714 1.00
0.781429 0.428571 0.428571 1.00
0.724286 0.428571 0.432857 -1.00
0.785714 0.500000 0.428571 -1.00
0.778571 0.428571 0.492857 -1.00
0.714286 0.500000 0.478571 -1.00
0.787143 0.500000 0.642857 1.00
0.714286 0.428571 0.642857 1.00
0.714286 0.500000 0.578571 1.00
0.781429 0.428571 0.571429 1.00
0.724286 0.428571 0.575714 -1.00
0.785714 0.500000 0.571429 -1.00
0.778571 0.428571 0.635714 -1.00
0.714286 0.500000 0.621429 -1.00
0.787143 0.500000 0.785714 1.00
0.714286 0.428571 0.785714 1.00
0.714286 0.500000 0.721429 1.00
0.781429 0.428571 0.714286 1.00
0.724286 0.428571 0.718571 -1.00
0.785714 0.500000 0.714286 -1.00
0.778571 0.428571 0.778571 -1.00
0.714286 0.500000 0.764286 -1.00
0.787143 0.500000 0.928571 1.00
0.714286 0.428571 0.928571 1.00
0.714286 0.500000 0.864286 1.00
0.781429 0.428571 0.857143 1.00
0.724286 0.428571 0.861429 -1.00
0.785714 0.500000 0.857143 -1.00
0.778571 0.428571 0.921429 -1.00
0.714286 0.500000 0.907143 -1.00
0.787143 0.642857 0.071429 1.00
0.714286 0.571429 0.071429 1.00
0.714286 0.642857 0.007143 1.00
0.781429 0.571429 0.000000 1.00
0.724286 0.571429 0.004286 -1.00
0.785714 0.642857 0.000000 -1.00
0.778571 0.571429 0.064286 -1.00
0.714286 0.642857 0.050000 -1.00
0.787143 0.642857 0.214286 1.00
0.714286 0.571429 0.214286 1.00
0.714286 0.642857 0.150000 1.00
0.781429 0.571429 0.142857 1.00
0.724286 0.571429 0.147143 -1.00
0.785714 0.642857 0.142857 -1.00
0.778571 0.571429 0.207143 -1.00
0.714286 0.642857 0.192857 -1.00
0.787143 0.642857 0.357143 1.00
0.714286 0.571429 0.357143 1.00
0.714286 0.642857 0.292857 1.00
0.781429 0.571429 0.285714 1.00
0.724286 0.571429 0.290000 -1.00
0.785714 0.642857 0.285714 -1.00
0.778571 0.571429 0.350000 -1.00
0.714286 0.642857 0.335714 -1.00
0.787143 0.642857 0.500000 1.00
0.714286 0.571429 0.500000 1.00
0.714286 0.642857 0.435714 1.00
0.781429 0.571429 0.428571 1.00
0.724286 0.571429 0.432857 -1.00
0.785714 0.642857 0.428571 -1.00
0.778571 0.571429 0.492857 -1.00
0.714286 0.642857 0.478571 -1.00
0.787143 0.642857 0.642857 1.00
0.714286 0.571429 0.642857 1.00
0.714286 0.642857 0.578571 1.00
0.781429 0.571429 0.571429 1.00
0.724286 0.571429 0.575714 -1.00
0.785714 0.642857 0.571429 -1.00
0.778571 0.571429 0.635714 -1.00
0.714286 0.642857 0.621429 -1.00
0.787143 0.642857 0.785714 1.00
0.714286 0.571429 0.785714 1.00
0.714286 0.642857 0.721429 1.00
0.781429 0.571429 0.714286 1.00
0.724286 0.571429 0.718571 -1.00
0.785714 0.642857 0.714286 -1.00
0.778571 0.571429 0.778571 -1.00
0.714286 0.642857 0.764286 -1.00
0.787143 0.642857 0.928571 1.00
0.714286 0.571429 0.928571 1.00
0.714286 0.642857 0.864286 1.00
0.781429 0.571429 0.857143 1.00
0.724286 0.571429 0.861429 -1.00
0.785714 0.642857 0.857143 -1.00
0.778571 0.571429 0.921429 -1.00
0.714286 0.642857 0.907143 -1.00
0.787143 0.785714 0.071429 1.00
0.714286 0.714286 0.071429 1.00
0.714286 0.785714 0.007143 1.00
0.781429 0.714286 0.000000 1.00
0.724286 0.714286 0.004286 -1.00
0.785714 0.785714 0.000000 -1.00
0.778571 0.714286 0.064286 -1.00
0.714286 0.785714 0.050000 -1.00
0.787143 0.785714 0.214286 1.00
0.714286 0.714286 0.214286 1.00
0.714286 0.785714 0.150000 1.00
0.781429 0.714286 0.142857 1.00
0.724286 0.714286 0.147143 -1.00
0.785714 0.785714 0.142857 -1.00
0.778571 0.714286 0.207143 -1.00
0.714286 0.785714 0.192857 -1.00
0.787143 0.785714 0.357143 1.00
0.714286 0.714286 0.357143 1.00
0.714286 0.785714 0.292857 1.00
0.781429 0.714286 0.285714 1.00
0.724286 0.714286 0.290000 -1.00
0.785714 0.785714 0.285714 -1.00
0.778571 0.714286 0.350000 -1.00
0.714286 0.785714 0.335714 -1.00
0.787143 0.785714 0.500000 1.00
0.714286 0.714286 0.500000 1.00
0.714286 0.785714 0.435714 1.00
0.781429 0.714286 0.428571 1.00
0.724286 0.714286 0.432857 -1.00
0.785714 0.785714 0.428571 -1.00
0.778571 0.714286 0.492857 -1.00
0.714286 0.785714 0.478571 -1.00
0.787143 0.785714 0.642857 1.00
0.714286 0.714286 0.642857 1.00
0.714286 0.785714 0.578571 1.00
0.781429 0.714286 0.571429 1.00
0.724286 0.714286 0.575714 -1.00
0.785714 0.785714 0.571429 -1.00
0.778571 0.714286 0.635714 -1.00
0.714286 0.785714 0.621429 -1.00
0.787143 0.785714 0.785714 1.00
0.714286 0.714286 0.785714 1.00
0.714286 0.785714 0.721429 1.00
0.781429 0.714286 0.714286 1.00
0.724286 0.714286 0.718571 -1.00
0.785714 0.785714 0.714286 -1.00
0.778571 0.714286 0.778571 -1.00
0.714286 0.785714 0.764286 -1.00
0.787143 0.785714 0.928571 1.00
0.714286 0.714286 0.928571 1.00
0.714286 0.785714 0.864286 1.00
0.781429 0.714286 0.857143 1.00
0.724286 0.714286 0.861429 -1.00
0.785714 0.785714 0.857143 -1.00
0.778571 0.714286 0.921429 -1.00
0.714286 0.785714 0.907143 -1.00
0.787143 0.928571 0.071429 1.00
0.714286 0.857143 0.071429 1.00
0.714286 0.928571 0.007143 1.00
0.781429 0.857143 0.000000 1.00
0.724286 0.857143 0.004286 -1.00
0.785714 0.928571 0.000000 -1.00
0.778571 0.857143 0.064286 -1.00
0.714286 0.928571 0.050000 -1.00
0.787143 0.928571 0.214286 1.00
0.714286 0.857143 0.214286 1.00
0.714286 0.928571 0.150000 1.00
0.781429 0.857143 0.142857 1.00
0.724286 0.857143 0.147143 -1.00
0.785714 0.928571 0.142857 -1.00
0.778571 0.857143 0.207143 -1.00
0.714286 0.928571 0.192857 -1.00
0.787143 0.928571 0.357143 1.00
0.714286 0.857143 0.357143 1.00
0.714286 0.928571 0.292857 1.00
0.781429 0.857143 0.285714 1.00
0.724286 0.857143 0.290000 -1.00
0.785714 0.928571 0.285714 -1.00
0.778571 0.857143 0.350000 -1.00
0.714286 0.928571 0.335714 -1.00
0.787143 0.928571 0.500000 1.00
0.714286 0.857143 0.500000 1.00
0.714286 0.928571 0.435714 1.00
0.781429 0.857143 0.428571 1.00
0.724286 0.857143 0.432857 -1.00
0.785714 0.928571 0.428571 -1.00
0.778571 0.857143 0.492857 -1.00
0.714286 0.928571 0.478571 -1.00
0.787143 0.928571 0.642857 1.00
0.714286 0.857143 0.642857 1.00
0.714286 0.928571 0.578571 1.00
0.781429 0.857143 0.571429 1.00
0.724286 0.857143 0.575714 -1.00
0.785714 0.928571 0.571429 -1.00
0.778571 0.857143 0.635714 -1.00
0.714286 0.928571 0.621429 -1.00
0.787143 0.928571 0.785714 1.00
0.714286 0.857143 0.785714 1.00
0.714286 0.928571 0.721429 1.00
0.781429 0.857143 0.714286 1.00
0.724286 0.857143 0.718571 -1.00
0.785714 0.928571 0.714286 -1.00
0.778571 0.857143 0.778571 -1.00
0.714286 0.928571 0.764286 -1.00
0.787143 0.928571 0.928571 1.00
0.714286 0.857143 0.928571 1.00
0.714286 0.928571 0.864286 1.00
0.781429 0.857143 0.857143 1.00
0.724286 0.857143 0.861429 -1.00
0.785714 0.928571 0.857143 -1.00
0.778571 0.857143 0.921429 -1.00
0.714286 0.928571 0.907143 -1.00
0.930000 0.071429 0.071429 1.00
0.857143 0.000000 0.071429 1.00
0.857143 0.071429 0.007143 1.00
0.924286 0.000000 0.000000 1.00
0.867143 0.000000 0.004286 -1.00
0.928571 0.071429 0.000000 -1.00
0.921429 0.000000 0.064286 -1.00
0.857143 0.071429 0.050000 -1.00
0.930000 0.071429 0.214286 1.00
0.857143 0.000000 0.214286 1.00
0.857143 0.071429 0.150000 1.00
0.924286 0.000000 0.142857 1.00
0.867143 0.000000 0.147143 -1.00
0.928571 0.071429 0.142857 -1.00
0.921429 0.000000 0.207143 -1.00
0.857143 0.071429 0.192857 -1.00
0.930000 0.071429 0.357143 1.00
0.857143 0.000000 0.357143 1.00
0.857143 0.071429 0.292857 1.00
0.924286 0.000000 0.285714 1.00
0.867143 0.000000 0.290000 -1.00
0.928571 0.071429 0.285714 -1.00
0.921429 0.000000 0.350000 -1.00
0.857143 0.071429 0.335714 -1.00
0.930000 0.071429 0.500000 1.00
0.857143 0.000000 0.500000 1.00
0.857143 0.071429 0.435714 1.00
0.924286 0.000000 0.428571 1.00
0.867143 0.000000 0.432857 -1.00
0.928571 0.071429 0.428571 -1.00
0.921429 0.000000 0.492857 -1.00
0.857143 0.071429 0.478571 -1.00
0.930000 0.071429 0.642857 1.00
0.857143 0.000000 0.642857 1.00
0.857143 0.071429 0.578571 1.00
0.924286 0.000000 0.571429 1.00
0.867143 0.000000 0.575714 -1.00
0.928571 0.071429 0.571429 -1.00
0.921429 0.000000 0.635714 -1.00
0.857143 0.071429 0.621429 -1.00
0.930000 0.071429 0.785714 1.00
0.857143 0.000000 0.785714 1.00
0.857143 0.071429 0.721429 1.00
0.924286 0.000000 0.714286 1.00
0.867143 0.000000 0.718571 -1.00
0.928571 0.071429 0.714286 -1.00
0.921429 0.000000 0.778571 -1.00
0.857143 0.071429 0.764286 -1.00
0.930000 0.071429 0.928571 1.00
0.857143 0.000000 0.928571 1.00
0.857143 0.071429 0.864286 1.00
0.924286 0.000000 0.857143 1.00
0.867143 0.000000 0.861429 -1.00
0.928571 0.071429 0.857143 -1.00
0.921429 0.000000 0.921429 -1.00
0.857143 0.071429 0.907143 -1.00
0.930000 0.214286 0.071429 1.00
0.857143 0.142857 0.071429 1.00
0.857143 0.214286 0.007143 1.00
0.924286 0.142857 0.000000 1.00
0.867143 0.142857 0.004286 -1.00
0.928571 0.214286 0.000000 -1.00
0.921429 0.142857 0.064286 -1.00
0.857143 0.214286 0.050000 -1.00
0.930000 0.214286 0.214286 1.00
0.857143 0.142857 0.214286 1.00
0.857143 0.214286 0.150000 1.00
0.924286 0.142857 0.142857 1.00
0.867143 0.142857 0.147143 -1.00
0.928571 0.214286 0.142857 -1.00
0.921429 0.142857 0.207143 -1.00
0.857143 0.214286 0.192857 -1.00
0.930000 0.214286 0.357143 1.00
0.857143 0.142857 0.357143 1.00
0.857143 0.214286 0.292857 1.00
0.924286 0.142857 0.285714 1.00
0.867143 0.142857 0.290000 -1.00
0.928571 0.214286 0.285714 -1.00
0.921429 0.142857 0.350000 -1.00
0.857143 0.214286 0.335714 -1.00
0.930000 0.214286 0.500000 1.00
0.857143 0.142857 0.500000 1.00
0.857143 0.214286 0.435714 1.00
0.924286 0.142857 0.428571 1.00
0.867143 0.142857 0.432857 -1.00
0.928571 0.214286 0.428571 -1.00
0.921429 0.142857 0.492857 -1.00
0.857143 0.214286 0.478571 -1.00
0.930000 0.214286 0.642857 1.00
0.857143 0.142857 0.642857 1.00
0.857143 0.214286 0.578571 1.00
0.924286 0.142857 0.571429 1.00
0.867143 0.142857 0.575714 -1.00
0.928571 0.214286 0.571429 -1.00
0.921429 0.142857 0.635714 -1.00
0.857143 0.214286 0.621429 -1.00
0.930000 0.214286 0.785714 1.00
0.857143 0.142857 0.785714 1.00
0.857143 0.214286 0.721429 1.00
0.924286 0.142857 0.714286 1.00
0.867143 0.142857 0.718571 -1.00
0.928571 0.214286 0.714286 -1.00
0.921429 0.142857 0.778571 -1.00
0.857143 0.214286 0.764286 -1.00
0.930000 0.214286 0.928571 1.00
0.857143 0.142857 0.928571 1.00
0.857143 0.214286 0.864286 1.00
0.924286 0.142857 0.857143 1.00
0.867143 0.142857 0.861429 -1.00
0.928571 0.214286 0.857143 -1.00
0.921429 0.142857 0.921429 -1.00
0.857143 0.214286 0.907143 -1.00
0.930000 0.357143 0.071429 1.00
0.857143 0.285714 0.071429 1.00
0.857143 0.357143 0.007143 1.00
0.924286 0.285714 0.000000 1.00
0.867143 0.285714 0.004286 -1.00
0.928571 0.357143 0.000000 -1.00
0.921429 0.285714 0.064286 -1.00
0.857143 0.357143 0.050000 -1.00
0.930000 0.357143 0.214286 1.00
0.857143 0.285714 0.214286 1.00
0.857143 0.357143 0.150000 1.00
0.924286 0.285714 0.142857 1.00
0.867143 0.285714 0.147143 -1.00
0.928571 0.357143 0.142857 -1.00
0.921429 0.285714 0.207143 -1.00
0.857143 0.357143 0.192857 -1.00
0.930000 0.357143 0.357143 1.00
0.857143 0.285714 0.357143 1.00
0.857143 0.357143 0.292857 1.00
0.924286 0.285714 0.285714 1.00
0.867143 0.285714 0.290000 -1.00
0.928571 0.357143 0.285714 -1.00
0.921429 0.285714 0.350000 -1.00
0.857143 0.357143 0.335714 -1.00
0.930000 0.357143 0.500000 1.00
0.857143 0.285714 0.500000 1.00
0.857143 0.357143 0.435714 1.00
0.924286 0.285714 0.428571 1.00
0.867143 0.285714 0.432857 -1.00
0.928571 0.357143 0.428571 -1.00
0.921429 0.285714 0.492857 -1.00
0.857143 0.357143 0.478571 -1.00
0.930000 0.357143 0.642857 1.00
0.857143 0.285714 0.642857 1.00
0.857143 0.357143 0.578571 1.00
0.924286 0.285714 0.571429 1.00
0.867143 0.285714 0.575714 -1.00
0.928571 0.357143 0.571429 -1.00
0.921429 0.285714 0.635714 -1.00
0.857143 0.357143 0.621429 -1.00
0.930000 0.357143 0.785714 1.00
0.857143 0.285714 0.785714 1.00
0.857143 0.357143 0.721429 1.00
0.924286 0.285714 0.714286 1.00
0.867143 0.285714 0.718571 -1.00
0.928571 0.357143 0.714286 -1.00
0.921429 0.285714 0.778571 -1.00
0.857143 0.357143 0.764286 -1.00
0.930000 0.357143 0.928571 1.00
0.857143 0.285714 0.928571 1.00
0.857143 0.357143 0.864286 1.00
0.924286 0.285714 0.857143 1.00
0.867143 0.285714 0.861429 -1.00
0.928571 0.357143 0.857143 -1.00
0.921429 0.285714 0.921429 -1.00
0.857143 0.357143 0.907143 -1.00
0.930000 0.500000 0.071429 1.00
0.857143 0.428571 0.071429 1.00
0.857143 0.500000 0.007143 1.00
0.924286 0.428571 0.000000 1.00
0.867143 0.428571 0.004286 -1.00
0.928571 0.500000 0.000000 -1.00
0.921429 0.428571 0.064286 -1.00
0.857143 0.500000 0.050000 -1.00
0.930000 0.500000 0.214286 1.00
0.857143 0.428571 0.214286 1.00
0.857143 0.500000 0.150000 1.00
0.924286 0.428571 0.142857 1.00
0.867143 0.428571 0.147143 -1.00
0.928571 0.500000 0.142857 -1.00
0.921429 0.428571 0.207143 -1.00
0.857143 0.500000 0.192857 -1.00
0.930000 0.500000 0.357143 1.00
0.857143 0.428571 0.357143 1.00
0.857143 0.500000 0.292857 1.00
0.924286 0.428571 0.285714 1.00
0.867143 0.428571 0.290000 -1.00
0.928571 0.500000 0.285714 -1.00
0.921429 0.428571 0.350000 -1.00
0.857143 0.500000 0.335714 -1.00
0.930000 0.500000 0.500000 1.00
0.857143 0.428571 0.500000 1.00
0.857143 0.500000 0.435714 1.00
0.924286 0.428571 0.428571 1.00
0.867143 0.428571 0.432857 -1.00
0.928571 0.500000 0.428571 -1.00
0.921429 0.428571 0.492857 -1.00
0.857143 0.500000 0.478571 -1.00
0.930000 0.500000 0.642857 1.00
0.857143 0.428571 0.642857 1.00
0.857143 0.500000 0.578571 1.00
0.924286 0.428571 0.571429 1.00
0.867143 0.428571 0.575714 -1.00
0.928571 0.500000 0.571429 -1.00
0.921429 0.428571 0.635714 -1.00
0.857143 0.500000 0.621429 -1.00
0.930000 0.500000 0.785714 1.00
0.857143 0.428571 0.785714 1.00
0.857143 0.500000 0.721429 1.00
0.924286 0.428571 0.714286 1.00
0.867143 0.428571 0.718571 -1.00
0.928571 0.500000 0.714286 -1.00
0.921429 0.428571 0.778571 -1.00
0.857143 0.500000 0.764286 -1.00
0.930000 0.500000 0.928571 1.00
0.857143 0.428571 0.928571 1.00
0.857143 0.500000 0.864286 1.00
0.924286 0.428571 0.857143 1.00
0.867143 0.428571 0.861429 -1.00
0.928571 0.500000 0.857143 -1.00
0.921429 0.428571 0.921429 -1.00
0.857143 0.500000 0.907143 -1.00
0.930000 0.642857 0.071429 1.00
0.857143 0.571429 0.071429 1.00
0.857143 0.642857 0.007143 1.00
0.924286 0.571429 0.000000 1.00
0.867143 0.571429 0.004286 -1.00
0.928571 0.642857 0.000000 -1.00
0.921429 0.571429 0.064286 -1.00
0.857143 0.642857 0.050000 -1.00
0.930000 0.642857 0.214286 1.00
0.857143 0.571429 0.214286 1.00
0.857143 0.642857 0.150000 1.00
0.924286 0.571429 0.142857 1.00
0.867143 0.571429 0.147143 -1.00
0.928571 0.642857 0.142857 -1.00
0.921429 0.571429 0.207143 -1.00
0.857143 0.642857 0.192857 -1.00
0.930000 0.642857 0.357143 1.00
0.857143 0.571429 0.357143 1.00
0.857143 0.642857 0.292857 1.00
0.924286 0.571429 0.285714 1.00
0.867143 0.571429 0.290000 -1.00
0.928571 0.642857 0.285714 -1.00
0.921429 0.571429 0.350000 -1.00
0.857143 0.642857 0.335714 -1.00
0.930000 0.642857 0.500000 1.00
0.857143 0.571429 0.500000 1.00
0.857143 0.642857 0.435714 1.00
0.924286 0.571429 0.428571 1.00
0.867143 0.571429 0.432857 -1.00
0.928571 0.642857 0.428571 -1.00
0.921429 0.571429 0.492857 -1.00
0.857143 0.642857 0.478571 -1.00
0.930000 0.642857 0.642857 1.00
0.857143 0.571429 0.642857 1.00
0.857143 0.642857 0.578571 1.00
0.924286 0.571429 0.571429 1.00
0.867143 0.571429 0.575714 -1.00
0.928571 0.642857 0.571429 -1.00
0.921429 0.571429 0.635714 -1.00
0.857143 0.642857 0.621429 -1.00
0.930000 0.642857 0.785714 1.00
0.857143 0.571429 0.785714 1.00
0.857143 0.642857 0.721429 1.00
0.924286 0.571429 0.714286 1.00
0.867143 0.571429 0.718571 -1.00
0.928571 0.642857 0.714286 -1.00
0.921429 0.571429 0.778571 -1.00
0.857143 0.642857 0.764286 -1.00
0.930000 0.642857 0.928571 1.00
0.857143 0.571429 0.928571 1.00
0.857143 0.642857 0.864286 1.00
0.924286 0.571429 0.857143 1.00
0.867143 0.571429 0.861429 -1.00
0.928571 0.642857 0.857143 -1.00
0.921429 0.571429 0.921429 -1.00
0.857143 0.642857 0.907143 -1.00
0.930000 0.785714 0.071429 1.00
0.857143 0.714286 0.071429 1.00
0.857143 0.785714 0.007143 1.00
0.924286 0.714286 0.000000 1.00
0.867143 0.714286 0.004286 -1.00
0.928571 0.785714 0.000000 -1.00
0.921429 0.714286 0.064286 -1.00
0.857143 0.785714 0.050000 -1.00
0.930000 0.785714 0.214286 1.00
0.857143 0.714286 0.214286 1.00
0.857143 0.785714 0.150000 1.00
0.924286 0.714286 0.142857 1.00
0.867143 0.714286 0.147143 -1.00
0.928571 0.785714 0.142857 -1.00
0.921429 0.714286 0.207143 -1.00
0.857143 0.785714 0.192857 -1.00
0.930000 0.785714 0.357143 1.00
0.857143 0.714286 0.357143 1.00
0.857143 0.785714 0.292857 1.00
0.924286 0.714286 0.285714 1.00
0.867143 0.714286 0.290000 -1.00
0.928571 0.785714 0.285714 -1.00
0.921429 0.714286 0.350000 -1.00
0.857143 0.785714 0.335714 -1.00
0.930000 0.785714 0.500000 1.00
0.857143 0.714286 0.500000 1.00
0.857143 0.785714 0.435714 1.00
0.924286 0.714286 0.428571 1.00
0.867143 0.714286 0.432857 -1.00
0.928571 0.785714 0.428571 -1.00
0.921429 0.714286 0.492857 -1.00
0.857143 0.785714 0.478571 -1.00
0.930000 0.785714 0.642857 1.00
0.857143 0.714286 0.642857 1.00
0.857143 0.785714 0.578571 1.00
0.924286 0.714286 0.571429 1.00
0.867143 0.714286 0.575714 -1.00
0.928571 0.785714 0.571429 -1.00
0.921429 0.714286 0.635714 -1.00
0.857143 0.785714 0.621429 -1.00
0.930000 0.785714 0.785714 1.00
0.857143 0.714286 0.785714 1.00
0.857143 0.785714 0.721429 1.00
0.924286 0.714286 0.714286 1.00
0.867143 0.714286 0.718571 -1.00
0.928571 0.785714 0.714286 -1.00
0.921429 0.714286 0.778571 -1.00
0.857143 0.785714 0.764286 -1.00
0.930000 0.785714 0.928571 1.00
0.857143 0.714286 0.928571 1.00
0.857143 0.785714 0.864286 1.00
0.924286 0.714286 0.857143 1.00
0.867143 0.714286 0.861429 -1.00
0.928571 0.785714 0.857143 -1.00
0.921429 0.714286 0.921429 -1.00
0.857143 0.785714 0.907143 -1.00
0.930000 0.928571 0.071429 1.00
0.857143 0.857143 0.071429 1.00
0.857143 0.928571 0.007143 1.00
0.924286 0.857143 0.000000 1.00
0.867143 0.857143 0.004286 -1.00
0.928571 0.928571 0.000000 -1.00
0.921429 0.857143 0.064286 -1.00
0.857143 0.928571 0.050000 -1.00
0.930000 0.928571 0.214286 1.00
0.857143 0.857143 0.214286 1.00
0.857143 0.928571 0.150000 1.00
0.924286 0.857143 0.142857 1.00
0.867143 0.857143 0.147143 -1.00
0.928571 0.928571 0.142857 -1.00
0.921429 0.857143 0.207143 -1.00
0.857143 0.928571 0.192857 -1.00
0.930000 0.928571 0.357143 1.00
0.857143 0.857143 0.357143 1.00
0.857143 0.928571 0.292857 1.00
0.924286 0.857143 0.285714 1.00
0.867143 0.857143 0.290000 -1.00
0.928571 0.928571 0.285714 -1.00
0.921429 0.857143 0.350000 -1.00
0.857143 0.928571 0.335714 -1.00
0.930000 0.928571 0.500000 1.00
0.857143 0.857143 0.500000 1.00
0.857143 0.928571 0.435714 1.00
0.924286 0.857143 0.428571 1.00
0.867143 0.857143 0.432857 -1.00
0.928571 0.928571 0.428571 -1.00
0.921429 0.857143 0.492857 -1.00
0.857143 0.928571 0.478571 -1.00
0.930000 0.928571 0.642857 1.00
0.857143 0.857143 0.642857 1.00
0.857143 0.928571 0.578571 1.00
0.924286 0.857143 0.571429 1.00
0.867143 0.857143 0.575714 -1.00
0.928571 0.928571 0.571429 -1.00
0.921429 0.857143 0.635714 -1.00
0.857143 0.928571 0.621429 -1.00
0.930000 0.928571 0.785714 1.00
0.857143 0.857143 0.785714 1.00
0.857143 0.928571 0.721429 1.00
0.924286 0.857143 0.714286 1.00
0.867143 0.857143 0.718571 -1.00
0.928571 0.928571 0.714286 -1.00
0.921429 0.857143 0.778571 -1.00
0.857143 0.928571 0.764286 -1.00
0.930000 0.928571 0.928571 1.00
0.857143 0.857143 0.928571 1.00
0.857143 0.928571 0.864286 1.00
0.924286 0.857143 0.857143 1.00
0.867143 0.857143 0.861429 -1.00
0.928571 0.928571 0.857143 -1.00
0.921429 0.857143 0.921429 -1.00
0.857143 0.928571 0.907143 -1.00
141 141 141
0.31 10 1 30
