NaCl 3x3x3
31.98 31.98 31.98
90.0 90.0 90.0
216
0.166667 0.166667 0.166667 1.0
0.000000 0.000000 0.166667 1.0
0.000000 0.166667 0.000000 1.0
0.166667 0.000000 0.000000 1.0
0.000000 0.000000 0.000000 -1.0
0.166667 0.166667 0.000000 -1.0
0.166667 0.000000 0.166667 -1.0
0.000000 0.166667 0.166667 -1.0
0.166667 0.166667 0.500000 1.0
0.000000 0.000000 0.500000 1.0
0.000000 0.166667 0.333333 1.0
0.166667 0.000000 0.333333 1.0
0.000000 0.000000 0.333333 -1.0
0.166667 0.166667 0.333333 -1.0
0.166667 0.000000 0.500000 -1.0
0.000000 0.166667 0.500000 -1.0
0.166667 0.166667 0.833333 1.0
0.000000 0.000000 0.833333 1.0
0.000000 0.166667 0.666667 1.0
0.166667 0.000000 0.666667 1.0
0.000000 0.000000 0.666667 -1.0
0.166667 0.166667 0.666667 -1.0
0.166667 0.000000 0.833333 -1.0
0.000000 0.166667 0.833333 -1.0
0.166667 0.500000 0.166667 1.0
0.000000 0.333333 0.166667 1.0
0.000000 0.500000 0.000000 1.0
0.166667 0.333333 0.000000 1.0
0.000000 0.333333 0.000000 -1.0
0.166667 0.500000 0.000000 -1.0
0.166667 0.333333 0.166667 -1.0
0.000000 0.500000 0.166667 -1.0
0.166667 0.500000 0.500000 1.0
0.000000 0.333333 0.500000 1.0
0.000000 0.500000 0.333333 1.0
0.166667 0.333333 0.333333 1.0
0.000000 0.333333 0.333333 -1.0
0.166667 0.500000 0.333333 -1.0
0.166667 0.333333 0.500000 -1.0
0.000000 0.500000 0.500000 -1.0
0.166667 0.500000 0.833333 1.0
0.000000 0.333333 0.833333 1.0
0.000000 0.500000 0.666667 1.0
0.166667 0.333333 0.666667 1.0
0.000000 0.333333 0.666667 -1.0
0.166667 0.500000 0.666667 -1.0
0.166667 0.333333 0.833333 -1.0
0.000000 0.500000 0.833333 -1.0
0.166667 0.833333 0.166667 1.0
0.000000 0.666667 0.166667 1.0
0.000000 0.833333 0.000000 1.0
0.166667 0.666667 0.000000 1.0
0.000000 0.666667 0.000000 -1.0
0.166667 0.833333 0.000000 -1.0
0.166667 0.666667 0.166667 -1.0
0.000000 0.833333 0.166667 -1.0
0.166667 0.833333 0.500000 1.0
0.000000 0.666667 0.500000 1.0
0.000000 0.833333 0.333333 1.0
0.166667 0.666667 0.333333 1.0
0.000000 0.666667 0.333333 -1.0
0.166667 0.833333 0.333333 -1.0
0.166667 0.666667 0.500000 -1.0
0.000000 0.833333 0.500000 -1.0
0.166667 0.833333 0.833333 1.0
0.000000 0.666667 0.833333 1.0
0.000000 0.833333 0.666667 1.0
0.166667 0.666667 0.666667 1.0
0.000000 0.666667 0.666667 -1.0
0.166667 0.833333 0.666667 -1.0
0.166667 0.666667 0.833333 -1.0
0.000000 0.833333 0.833333 -1.0
0.500000 0.166667 0.166667 1.0
0.333333 0.000000 0.166667 1.0
0.333333 0.166667 0.000000 1.0
0.500000 0.000000 0.000000 1.0
0.333333 0.000000 0.000000 -1.0
0.500000 0.166667 0.000000 -1.0
0.500000 0.000000 0.166667 -1.0
0.333333 0.166667 0.166667 -1.0
0.500000 0.166667 0.500000 1.0
0.333333 0.000000 0.500000 1.0
0.333333 0.166667 0.333333 1.0
0.500000 0.000000 0.333333 1.0
0.333333 0.000000 0.333333 -1.0
0.500000 0.166667 0.333333 -1.0
0.500000 0.000000 0.500000 -1.0
0.333333 0.166667 0.500000 -1.0
0.500000 0.166667 0.833333 1.0
0.333333 0.000000 0.833333 1.0
0.333333 0.166667 0.666667 1.0
0.500000 0.000000 0.666667 1.0
0.333333 0.000000 0.666667 -1.0
0.500000 0.166667 0.666667 -1.0
0.500000 0.000000 0.833333 -1.0
0.333333 0.166667 0.833333 -1.0
0.500000 0.500000 0.166667 1.0
0.333333 0.333333 0.166667 1.0
0.333333 0.500000 0.000000 1.0
0.500000 0.333333 0.000000 1.0
0.333333 0.333333 0.000000 -1.0
0.500000 0.500000 0.000000 -1.0
0.500000 0.333333 0.166667 -1.0
0.333333 0.500000 0.166667 -1.0
0.500000 0.500000 0.500000 1.0
0.333333 0.333333 0.500000 1.0
0.333333 0.500000 0.333333 1.0
0.500000 0.333333 0.333333 1.0
0.333333 0.333333 0.333333 -1.0
0.500000 0.500000 0.333333 -1.0
0.500000 0.333333 0.500000 -1.0
0.333333 0.500000 0.500000 -1.0
0.500000 0.500000 0.833333 1.0
0.333333 0.333333 0.833333 1.0
0.333333 0.500000 0.666667 1.0
0.500000 0.333333 0.666667 1.0
0.333333 0.333333 0.666667 -1.0
0.500000 0.500000 0.666667 -1.0
0.500000 0.333333 0.833333 -1.0
0.333333 0.500000 0.833333 -1.0
0.500000 0.833333 0.166667 1.0
0.333333 0.666667 0.166667 1.0
0.333333 0.833333 0.000000 1.0
0.500000 0.666667 0.000000 1.0
0.333333 0.666667 0.000000 -1.0
0.500000 0.833333 0.000000 -1.0
0.500000 0.666667 0.166667 -1.0
0.333333 0.833333 0.166667 -1.0
0.500000 0.833333 0.500000 1.0
0.333333 0.666667 0.500000 1.0
0.333333 0.833333 0.333333 1.0
0.500000 0.666667 0.333333 1.0
0.333333 0.666667 0.333333 -1.0
0.500000 0.833333 0.333333 -1.0
0.500000 0.666667 0.500000 -1.0
0.333333 0.833333 0.500000 -1.0
0.500000 0.833333 0.833333 1.0
0.333333 0.666667 0.833333 1.0
0.333333 0.833333 0.666667 1.0
0.500000 0.666667 0.666667 1.0
0.333333 0.666667 0.666667 -1.0
0.500000 0.833333 0.666667 -1.0
0.500000 0.666667 0.833333 -1.0
0.333333 0.833333 0.833333 -1.0
0.833333 0.166667 0.166667 1.0
0.666667 0.000000 0.166667 1.0
0.666667 0.166667 0.000000 1.0
0.833333 0.000000 0.000000 1.0
0.666667 0.000000 0.000000 -1.0
0.833333 0.166667 0.000000 -1.0
0.833333 0.000000 0.166667 -1.0
0.666667 0.166667 0.166667 -1.0
0.833333 0.166667 0.500000 1.0
0.666667 0.000000 0.500000 1.0
0.666667 0.166667 0.333333 1.0
0.833333 0.000000 0.333333 1.0
0.666667 0.000000 0.333333 -1.0
0.833333 0.166667 0.333333 -1.0
0.833333 0.000000 0.500000 -1.0
0.666667 0.166667 0.500000 -1.0
0.833333 0.166667 0.833333 1.0
0.666667 0.000000 0.833333 1.0
0.666667 0.166667 0.666667 1.0
0.833333 0.000000 0.666667 1.0
0.666667 0.000000 0.666667 -1.0
0.833333 0.166667 0.666667 -1.0
0.833333 0.000000 0.833333 -1.0
0.666667 0.166667 0.833333 -1.0
0.833333 0.500000 0.166667 1.0
0.666667 0.333333 0.166667 1.0
0.666667 0.500000 0.000000 1.0
0.833333 0.333333 0.000000 1.0
0.666667 0.333333 0.000000 -1.0
0.833333 0.500000 0.000000 -1.0
0.833333 0.333333 0.166667 -1.0
0.666667 0.500000 0.166667 -1.0
0.833333 0.500000 0.500000 1.0
0.666667 0.333333 0.500000 1.0
0.666667 0.500000 0.333333 1.0
0.833333 0.333333 0.333333 1.0
0.0666667 0.333333 0.333333 -1.0
0.833333 0.500000 0.333333 -1.0
0.833333 0.333333 0.500000 -1.0
0.666667 0.500000 0.500000 -1.0
0.833333 0.500000 0.833333 1.0
0.666667 0.333333 0.833333 1.0
0.666667 0.500000 0.666667 1.0
0.833333 0.333333 0.666667 1.0
0.666667 0.333333 0.666667 -1.0
0.833333 0.500000 0.666667 -1.0
0.833333 0.333333 0.833333 -1.0
0.666667 0.500000 0.833333 -1.0
0.833333 0.833333 0.166667 1.0
0.666667 0.666667 0.166667 1.0
0.666667 0.833333 0.000000 1.0
0.833333 0.666667 0.000000 1.0
0.666667 0.666667 0.000000 -1.0
0.833333 0.833333 0.000000 -1.0
0.833333 0.666667 0.166667 -1.0
0.666667 0.833333 0.166667 -1.0
0.833333 0.833333 0.500000 1.0
0.666667 0.666667 0.500000 1.0
0.666667 0.833333 0.333333 1.0
0.833333 0.666667 0.333333 1.0
0.666667 0.666667 0.333333 -1.0
0.833333 0.833333 0.333333 -1.0
0.833333 0.666667 0.500000 -1.0
0.666667 0.833333 0.500000 -1.0
0.833333 0.833333 0.833333 1.0
0.666667 0.666667 0.833333 1.0
0.666667 0.833333 0.666667 1.0
0.833333 0.666667 0.666667 1.0
0.666667 0.666667 0.666667 -1.0
0.833333 0.833333 0.666667 -1.0
0.833333 0.666667 0.833333 -1.0
0.666667 0.833333 0.833333 -1.0
60 60 60
0.31 10 1 20
