tetragonal
20.58 34.46 17.30
101.12 92.63 92.76
200
0.73481 0.97947 0.52183 -2.0
0.00197 0.57563 0.50918 -2.0
0.26899 0.64951 0.11587 -2.0
0.44970 0.26646 0.95108 -2.0
0.48152 0.71332 0.62105 -2.0
0.66742 0.09043 0.30191 -2.0
0.11092 0.72714 0.33628 -2.0
0.51127 0.73619 0.90892 -2.0
0.38937 0.22714 0.64243 -2.0
0.91494 0.07393 0.79078 -2.0
0.93971 0.27013 0.43400 -2.0
0.00173 0.43574 0.01751 4.0
0.53194 0.70072 0.98732 -2.0
0.01487 0.49045 0.47922 4.0
0.69747 0.68065 0.36265 -2.0
0.74720 0.12529 0.83949 -2.0
0.22631 0.19217 0.71311 -2.0
0.59376 0.14217 0.62138 -2.0
0.39774 0.20735 0.75317 -2.0
0.71474 0.11848 0.66830 -2.0
0.35760 0.61265 0.08503 4.0
0.30663 0.32257 0.14789 -2.0
0.51129 0.37298 0.60193 -2.0
0.46556 0.53354 0.10531 -2.0
0.30490 0.07639 0.26124 -2.0
0.78700 0.68364 0.71586 -2.0
0.12751 0.69055 0.38787 -2.0
0.82800 0.35599 0.30110 -2.0
0.27965 0.48535 0.98796 4.0
0.54383 0.03455 0.51505 -2.0
0.78418 0.68467 0.07620 -2.0
0.59296 0.19532 0.59894 4.0
0.94464 0.37304 0.71380 4.0
0.33089 0.80555 0.27271 -2.0
0.56182 0.96056 0.01092 -2.0
0.80278 0.38252 0.69583 -2.0
0.20143 0.24578 0.13884 -2.0
0.03408 0.83181 0.38294 -2.0
0.83858 0.92347 0.30394 4.0
0.38434 0.21749 0.24329 -2.0
0.37032 0.90509 0.30209 -2.0
0.24213 0.30037 0.28506 -2.0
0.28380 0.86751 0.01835 -2.0
0.76424 0.55317 0.16343 -2.0
0.31541 0.45871 0.05260 -2.0
0.40030 0.17791 0.19615 -2.0
0.01414 0.18122 0.72131 4.0
0.47328 0.61261 0.59175 -2.0
0.18142 0.74450 0.41449 -2.0
0.07162 0.06353 0.40376 -2.0
0.08443 0.12154 0.77736 -2.0
0.69338 0.55279 0.05626 -2.0
0.95321 0.77615 0.87009 4.0
0.13877 0.54659 0.86769 -2.0
0.12057 0.35113 0.05483 4.0
0.41789 0.90971 0.01260 4.0
0.12691 0.86429 0.14548 -2.0
0.83946 0.11228 0.50227 -2.0
0.61133 0.75075 0.69001 4.0
0.70247 0.93817 0.52410 4.0
0.19945 0.48755 0.50015 -2.0
0.57421 0.65314 0.67320 -2.0
0.04980 0.98560 0.07635 -2.0
0.34081 0.00782 0.84374 4.0
0.75159 0.51782 0.60018 4.0
0.00957 0.54529 0.12313 -2.0
0.84674 0.20540 0.62238 -2.0
0.03338 0.14632 0.08254 -2.0
0.85061 0.81054 0.98527 4.0
0.35855 0.49994 0.00124 4.0
0.54264 0.30703 0.33331 -2.0
0.49950 0.42923 0.33745 -2.0
0.51903 0.94010 0.64389 -2.0
0.26788 0.15433 0.30663 -2.0
0.61422 0.73366 0.43330 4.0
0.26534 0.75698 0.82238 -2.0
0.25697 0.56803 0.21539 -2.0
0.45828 0.71759 0.72381 -2.0
0.08496 0.88898 0.43243 4.0
0.57438 0.11489 0.09104 -2.0
0.61319 0.40620 0.75258 4.0
0.14984 0.09155 0.49105 -2.0
0.39624 0.59960 0.71994 -2.0
0.78185 0.21931 0.68728 -2.0
0.87987 0.34614 0.62310 4.0
0.68631 0.56962 0.54692 4.0
0.06185 0.34903 0.18294 -2.0
0.23911 0.56090 0.42278 4.0
0.24773 0.82703 0.36213 4.0
0.78011 0.94338 0.10687 4.0
0.85651 0.39744 0.92232 -2.0
0.02461 0.29195 0.46661 -2.0
0.97941 0.45419 0.32211 -2.0
0.89602 0.79343 0.23782 -2.0
0.06995 0.20357 0.97368 4.0
0.78600 0.09712 0.96209 -2.0
0.46673 0.46993 0.04035 4.0
0.83430 0.08852 0.00483 -2.0
0.05341 0.12805 0.58991 -2.0
0.58707 0.75643 0.76746 -2.0
0.66914 0.20509 0.71995 4.0
0.20548 0.74466 0.83684 4.0
0.43074 0.86921 0.21351 -2.0
0.71700 0.62905 0.13032 -2.0
0.26602 0.67832 0.08836 -2.0
0.19570 0.20608 0.87671 -2.0
0.42689 0.11700 0.04161 -2.0
0.32878 0.16251 0.64489 -2.0
0.64320 0.56770 0.17344 -2.0
0.92967 0.85355 0.29014 -2.0
0.38952 0.18076 0.01322 -2.0
0.73643 0.22587 0.84194 4.0
0.45575 0.40218 0.01749 -2.0
0.21279 0.00147 0.25909 -2.0
0.60957 0.44690 0.87775 -2.0
0.56361 0.61878 0.80399 -2.0
0.23377 0.16443 0.96633 4.0
0.02068 0.51276 0.98541 4.0
0.83118 0.20633 0.61283 -2.0
0.68849 0.36577 0.80287 4.0
0.09102 0.95634 0.86535 4.0
0.93481 0.80517 0.98098 -2.0
0.54390 0.25410 0.77940 -2.0
0.96041 0.91358 0.92437 -2.0
0.04733 0.84411 0.23878 4.0
0.62791 0.33966 0.38350 -2.0
0.34806 0.90781 0.25101 -2.0
0.58796 0.35127 0.28096 -2.0
0.81245 0.15347 0.18985 -2.0
0.46868 0.19041 0.26596 -2.0
0.86399 0.18639 0.66854 4.0
0.27571 0.27083 0.19197 -2.0
0.35246 0.17086 0.78069 -2.0
0.47990 0.36780 0.79620 4.0
0.24448 0.28418 0.43486 -2.0
0.66230 0.67404 0.68715 -2.0
0.12963 0.78011 0.02854 -2.0
0.05472 0.71479 0.28959 -2.0
0.82093 0.56538 0.06404 -2.0
0.04469 0.12866 0.61647 -2.0
0.58645 0.85168 0.15901 -2.0
0.17052 0.61564 0.12558 4.0
0.15683 0.39648 0.79365 4.0
0.16937 0.78995 0.76880 -2.0
0.81483 0.84592 0.50206 -2.0
0.02963 0.26063 0.47828 -2.0
0.65628 0.66647 0.98310 4.0
0.05979 0.67758 0.95591 -2.0
0.23420 0.61593 0.27237 -2.0
0.11801 0.11754 0.39224 -2.0
0.89097 0.72111 0.20624 -2.0
0.74862 0.75741 0.50242 -2.0
0.97615 0.46725 0.09993 -2.0
0.03133 0.51203 0.20417 -2.0
0.52328 0.50823 0.45173 -2.0
0.62650 0.35274 0.66513 4.0
0.46365 0.93069 0.01312 -2.0
0.80561 0.21296 0.67057 -2.0
0.04984 0.72412 0.38712 -2.0
0.77939 0.46599 0.02587 -2.0
0.26990 0.08361 0.15549 4.0
0.13154 0.01935 0.58712 -2.0
0.34119 0.37515 0.11759 -2.0
0.70806 0.32946 0.63315 -2.0
0.23646 0.79180 0.78435 4.0
0.05645 0.18305 0.64096 -2.0
0.58537 0.88260 0.14386 -2.0
0.33267 0.43374 0.20400 -2.0
0.03511 0.59548 0.48236 -2.0
0.36316 0.59099 0.39499 -2.0
0.86400 0.72365 0.89750 -2.0
0.29629 0.00855 0.49969 -2.0
0.82486 0.79591 0.73081 -2.0
0.13260 0.97529 0.95292 -2.0
0.20454 0.21324 0.09192 4.0
0.51293 0.23189 0.44264 -2.0
0.94130 0.54975 0.11483 -2.0
0.68640 0.19898 0.33138 -2.0
0.71568 0.04534 0.33970 -2.0
0.24705 0.01872 0.88367 4.0
0.57349 0.09154 0.35221 4.0
0.85315 0.15790 0.91406 -2.0
0.34075 0.95847 0.80824 -2.0
0.66095 0.06878 0.69526 -2.0
0.46251 0.21193 0.85921 -2.0
0.51742 0.44144 0.31684 -2.0
0.84094 0.25257 0.50728 -2.0
0.90060 0.03717 0.63737 -2.0
0.87358 0.31947 0.86423 4.0
0.24138 0.08351 0.42427 -2.0
0.43246 0.34392 0.51560 4.0
0.25642 0.54790 0.89419 4.0
0.88649 0.09467 0.22664 -2.0
0.79372 0.11998 0.66335 -2.0
0.55854 0.89947 0.37161 -2.0
0.34218 0.42655 0.44086 -2.0
0.31650 0.78018 0.40782 4.0
0.96140 0.39398 0.96038 -2.0
0.90903 0.66683 0.19325 -2.0
0.81373 0.33240 0.15608 -2.0
29 48 24
0.31 10 1 20
