random
30 30 30
90 90 90
500
0.696469 0.286139 0.226851 1
0.551315 0.719469 0.423106 -1
0.980764 0.684830 0.480932 -3
0.392118 0.343178 0.729050 -3
0.438572 0.059678 0.398044 3
0.737995 0.182492 0.175452 2
0.531551 0.531828 0.634401 -1
0.849432 0.724455 0.611024 1
0.722443 0.322959 0.361789 2
0.228263 0.293714 0.630976 -2
0.092105 0.433701 0.430863 -2
0.493685 0.425830 0.312261 -2
0.426351 0.893389 0.944160 -3
0.501837 0.623953 0.115618 3
0.317285 0.414826 0.866309 3
0.250455 0.483034 0.985560 -1
0.519485 0.612895 0.120629 -2
0.826341 0.603060 0.545068 -2
0.342764 0.304121 0.417022 2
0.681301 0.875457 0.510422 2
0.669314 0.585937 0.624904 1
0.674689 0.842342 0.083195 2
0.763683 0.243666 0.194223 2
0.572457 0.095713 0.885327 -1
0.627249 0.723416 0.016129 3
0.594432 0.556785 0.158960 -1
0.153071 0.695530 0.318766 2
0.691970 0.554383 0.388951 -2
0.925132 0.841670 0.357398 2
0.043591 0.304768 0.398186 -2
0.704959 0.995358 0.355915 -2
0.762548 0.593177 0.691702 -1
0.151127 0.398876 0.240856 -1
0.343456 0.513128 0.666625 2
0.105908 0.130895 0.321981 -2
0.661564 0.846506 0.553257 3
0.854452 0.384838 0.316788 -1
0.354265 0.171082 0.829113 -3
0.338671 0.552370 0.578551 -3
0.521533 0.002688 0.988345 -3
0.905342 0.207636 0.292489 3
0.520010 0.901911 0.983631 1
0.257542 0.564359 0.806969 -2
0.394370 0.731073 0.161069 3
0.600699 0.865864 0.983522 2
0.079366 0.428347 0.204543 3
0.450636 0.547764 0.093327 3
0.296861 0.927584 0.569004 -3
0.457412 0.753526 0.741862 -1
0.048579 0.708697 0.839243 -1
0.165938 0.780998 0.286537 1
0.306470 0.665261 0.111392 3
0.664872 0.887857 0.696311 -3
0.440328 0.438214 0.765096 -3
0.565642 0.084904 0.582671 -1
0.814844 0.337066 0.927577 2
0.750717 0.574064 0.751644 3
0.079149 0.859389 0.821504 -1
0.909872 0.128631 0.081780 -3
0.138416 0.399379 0.424307 -3
0.562218 0.122244 0.201400 3
0.811644 0.467988 0.807938 3
0.007426 0.551593 0.931932 -1
0.582175 0.206096 0.717758 -3
0.378986 0.668384 0.029320 -2
0.635900 0.032198 0.744781 -3
0.472913 0.121754 0.542636 1
0.066774 0.653365 0.996086 1
0.769397 0.573774 0.102635 -1
0.699834 0.661168 0.049097 -3
0.792299 0.518717 0.425868 1
0.788187 0.411569 0.481026 -2
0.181629 0.321319 0.845533 -1
0.186904 0.417291 0.989035 2
0.236600 0.916832 0.918397 -2
0.091296 0.463653 0.502216 2
0.313669 0.047340 0.241686 3
0.095530 0.238250 0.807791 1
0.894978 0.043223 0.301947 -3
0.980582 0.539505 0.626309 -2
0.005545 0.484909 0.988329 2
0.375186 0.097038 0.461909 -3
0.963004 0.341831 0.798923 3
0.798846 0.208248 0.443368 2
0.715601 0.410520 0.191007 -1
0.967494 0.650750 0.865460 -2
0.025242 0.266906 0.502071 3
0.067449 0.993033 0.236462 -3
0.374292 0.214012 0.105446 3
0.232480 0.300610 0.634442 -3
0.281235 0.362277 0.005943 3
0.365719 0.533886 0.162016 -3
0.597433 0.293152 0.632050 -1
0.026197 0.887593 0.016119 2
0.126958 0.777162 0.045895 3
0.710999 0.971046 0.871683 -2
0.710162 0.958510 0.429813 1
0.872879 0.355958 0.929764 3
0.148778 0.940029 0.832716 -2
0.846055 0.123923 0.596487 -3
0.016392 0.721184 0.007738 3
0.084822 0.225498 0.875125 -3
0.363576 0.539960 0.568103 -3
0.225463 0.572147 0.660952 3
0.298245 0.418627 0.453089 1
0.932351 0.587494 0.948252 1
0.556035 0.500561 0.003532 1
0.480889 0.927455 0.198366 -2
0.052091 0.406779 0.372396 1
0.857153 0.026611 0.920149 -3
0.680903 0.904226 0.607529 2
0.811953 0.335544 0.349566 2
0.389874 0.754797 0.369291 1
0.242220 0.937668 0.908011 2
0.348797 0.634638 0.273842 -2
0.206115 0.336340 0.327100 -1
0.882276 0.822304 0.709623 1
0.959345 0.422543 0.245033 1
0.117398 0.301053 0.145264 2
0.092186 0.602932 0.364187 -2
0.564570 0.191336 0.676906 -3
0.215505 0.278024 0.741760 2
0.559738 0.334836 0.542989 -2
0.693985 0.912132 0.580713 -2
0.232686 0.746698 0.777769 3
0.200401 0.820574 0.464935 -2
0.779767 0.237478 0.332580 -3
0.953697 0.657815 0.772878 -1
0.688374 0.204304 0.470689 3
0.808964 0.675035 0.006028 -1
0.087408 0.346795 0.944366 -3
0.491190 0.270176 0.360424 2
0.210653 0.421200 0.218035 -2
0.845753 0.456271 0.279802 -1
0.932892 0.314351 0.909715 2
0.043418 0.707115 0.483889 3
0.444221 0.036323 0.040683 2
0.332754 0.947120 0.617660 1
0.368875 0.611977 0.206132 3
0.165066 0.361817 0.863353 -1
0.509402 0.296902 0.950252 3
0.815966 0.322974 0.972098 -3
0.987351 0.408660 0.655923 1
0.405653 0.257348 0.082653 1
0.263610 0.271480 0.398639 -2
0.184886 0.953818 0.102880 -3
0.625209 0.441697 0.423518 2
0.371992 0.868315 0.280477 -1
0.020576 0.918097 0.864480 -3
0.276902 0.523488 0.109088 3
0.093427 0.837466 0.410266 -3
0.661717 0.943201 0.245131 -1
0.013160 0.024148 0.709386 -3
0.924552 0.467330 0.375109 3
0.542860 0.858917 0.652154 1
0.232980 0.774580 0.134613 -2
0.165560 0.612682 0.238783 -1
0.704779 0.349519 0.277424 2
0.998918 0.040616 0.645823 3
0.038700 0.760210 0.230090 3
0.089832 0.648450 0.732601 -3
0.678095 0.051901 0.294307 1
0.451088 0.287103 0.810513 1
0.131115 0.612179 0.988215 2
0.902557 0.222157 0.000082 3
0.980597 0.882713 0.919472 -2
0.415504 0.744615 0.212831 2
0.392304 0.851548 0.127612 -1
0.893865 0.496508 0.426096 2
0.305646 0.916849 0.517623 -3
0.804026 0.857652 0.922382 -2
0.303381 0.339811 0.595074 3
0.441324 0.932843 0.397564 -1
0.477778 0.617186 0.404739 -1
0.992478 0.098851 0.220603 3
0.322655 0.147723 0.284219 2
0.779245 0.522892 0.033954 2
0.982623 0.616006 0.058939 -3
0.661169 0.378369 0.135673 3
0.563665 0.727080 0.671127 -2
0.247513 0.524866 0.537663 -3
0.716803 0.359867 0.797733 3
0.627922 0.038332 0.546479 -1
0.861912 0.567574 0.175828 3
0.510376 0.756946 0.110105 -3
0.817099 0.167482 0.534076 -1
0.385743 0.248624 0.647433 3
0.037392 0.760046 0.526941 -3
0.875771 0.520718 0.035033 -3
0.143601 0.795605 0.491976 3
0.441879 0.318435 0.284549 -2
0.965886 0.432969 0.884003 1
0.648163 0.858428 0.852450 -1
0.956312 0.697942 0.805397 1
0.733128 0.605227 0.717354 2
0.715750 0.040908 0.516111 -3
0.792651 0.242962 0.465148 -3
0.434986 0.402787 0.121840 -2
0.525712 0.446248 0.663393 2
0.549413 0.027543 0.031918 -3
0.701360 0.707581 0.959939 -3
0.876705 0.468060 0.625907 2
0.457182 0.222946 0.376677 1
0.103884 0.666527 0.192030 3
0.475468 0.967437 0.031669 -3
0.151730 0.298579 0.941807 -1
0.908842 0.162001 0.981118 1
0.750748 0.539977 0.931703 -1
0.880607 0.391316 0.656343 -3
0.647385 0.326968 0.179390 -1
0.466810 0.263281 0.355065 -1
0.954144 0.461138 0.684891 -1
0.336230 0.995861 0.658768 1
0.196009 0.098184 0.943181 -3
0.944778 0.621328 0.016991 2
0.225535 0.801277 0.875460 -3
0.453990 0.365521 0.274225 3
0.116971 0.115745 0.952603 3
0.808626 0.164779 0.207050 -1
0.655552 0.764664 0.810315 1
0.163338 0.984128 0.227802 -3
0.589415 0.587616 0.967362 1
0.657667 0.584904 0.518773 -3
0.764658 0.106055 0.002092 2
0.952489 0.498658 0.328335 -1
0.368053 0.803843 0.382370 1
0.770169 0.440462 0.844077 3
0.076204 0.481128 0.466850 2
0.264328 0.943615 0.905028 2
0.443596 0.097160 0.206783 3
0.271492 0.484220 0.338377 -2
0.774136 0.476027 0.870371 1
0.995782 0.219836 0.611671 1
0.847502 0.945237 0.290086 -3
0.727043 0.015016 0.879142 2
0.063939 0.733395 0.994610 1
0.501190 0.209334 0.594644 2
0.624150 0.668073 0.172612 1
0.898713 0.620991 0.043569 -3
0.684041 0.196084 0.027341 -1
0.550953 0.813314 0.859941 3
0.103521 0.663043 0.710075 -2
0.294517 0.971364 0.278687 -3
0.069982 0.519280 0.694315 -3
0.244660 0.338582 0.563628 2
0.886678 0.747326 0.209592 -1
0.251777 0.523881 0.768959 1
0.618762 0.501324 0.597125 -3
0.756060 0.537080 0.897753 2
0.947067 0.915355 0.754518 1
0.246321 0.385271 0.280000 2
0.657660 0.324222 0.754392 -3
0.113509 0.775365 0.585902 -3
0.835389 0.430876 0.624964 3
0.554412 0.975671 0.755474 -3
0.544813 0.174032 0.904114 -1
0.205838 0.650043 0.936472 -3
0.223580 0.225924 0.851819 -1
0.827655 0.351703 0.265096 1
0.127388 0.987936 0.835343 2
0.899392 0.513679 0.114385 1
0.052580 0.330582 0.920330 1
0.947582 0.841164 0.158679 -1
0.419923 0.246243 0.205350 -1
0.684826 0.486112 0.324910 -2
0.100214 0.544763 0.347025 -2
0.391096 0.310509 0.387195 -2
0.555860 0.014144 0.847647 -3
0.921920 0.550530 0.268021 1
0.990239 0.383194 0.693655 -1
0.689953 0.434309 0.199158 -1
0.966579 0.063691 0.485149 -2
0.220731 0.293974 0.828527 2
0.367266 0.083348 0.196309 2
0.860373 0.977029 0.267982 2
0.675409 0.081199 0.723466 -2
0.416437 0.918160 0.311536 1
0.941467 0.503247 0.348893 -1
0.647020 0.249746 0.229764 -1
0.196346 0.959900 0.492914 3
0.751615 0.473992 0.587540 2
0.584139 0.979886 0.668433 1
0.239769 0.015198 0.218682 -3
0.455520 0.393420 0.812326 1
0.785557 0.089096 0.952011 -2
0.527457 0.596404 0.405057 3
0.649501 0.871326 0.673936 1
0.970099 0.701122 0.821721 2
0.045040 0.672699 0.654753 -1
0.101746 0.842387 0.614172 3
0.098328 0.594467 0.478416 -2
0.233294 0.019756 0.365567 -3
0.619851 0.329279 0.307255 -1
0.751121 0.758625 0.718766 3
0.101182 0.516166 0.557799 -1
0.744805 0.903178 0.369039 3
0.428663 0.732767 0.662636 -2
0.557870 0.350140 0.195352 3
0.183807 0.081583 0.081201 -1
0.845798 0.383673 0.060740 -3
0.896426 0.223270 0.268124 2
0.194498 0.967501 0.112540 1
0.722163 0.932089 0.668001 2
0.858727 0.242447 0.673928 -3
0.700871 0.458333 0.870546 3
0.694386 0.894878 0.753204 2
0.520290 0.498688 0.453728 -3
0.021647 0.535141 0.422973 -3
0.157534 0.119070 0.449352 -2
0.039913 0.986580 0.378121 1
0.382109 0.051126 0.426672 2
0.015745 0.030094 0.339099 -2
0.820969 0.458821 0.014841 2
0.163220 0.739923 0.738294 -3
0.754523 0.351669 0.352277 2
0.802076 0.398138 0.727191 -2
0.581123 0.364342 0.080007 -1
0.116125 0.889559 0.452341 -3
0.994005 0.363897 0.249954 3
0.350539 0.343086 0.637357 2
0.012738 0.763269 0.416415 3
0.432239 0.481115 0.449212 -2
0.497471 0.345904 0.453346 -2
0.404651 0.518243 0.623269 -3
0.241041 0.508437 0.594622 -1
0.016948 0.520494 0.239293 -3
0.404539 0.826530 0.326236 3
0.483217 0.024741 0.308751 -3
0.639721 0.315162 0.205798 -3
0.290656 0.954378 0.086802 -3
0.463358 0.058387 0.538658 3
0.146036 0.634085 0.264397 3
0.690915 0.347146 0.004168 3
0.294895 0.081894 0.495040 1
0.288890 0.639992 0.499936 -3
0.036045 0.318634 0.489059 -1
0.572204 0.104871 0.649971 1
0.343698 0.182921 0.805327 -3
0.068623 0.929770 0.706266 2
0.475591 0.011161 0.390125 3
0.645798 0.858913 0.617764 -1
0.397707 0.447359 0.873295 1
0.351357 0.065158 0.442673 -3
0.998459 0.379773 0.193055 -3
0.045130 0.170969 0.324064 1
0.574278 0.665588 0.042819 -2
0.936180 0.235638 0.149062 -1
0.530829 0.677586 0.307253 -3
0.669441 0.294294 0.902172 1
0.880695 0.071194 0.150403 -2
0.698059 0.000120 0.821814 3
0.356240 0.744620 0.044237 3
0.209264 0.070805 0.179824 1
0.384421 0.491552 0.916091 3
0.627174 0.706480 0.082111 3
0.286787 0.991732 0.560422 1
0.787817 0.032482 0.084076 3
0.109233 0.015286 0.921979 -2
0.253635 0.996569 0.738130 -1
0.250611 0.991805 0.868534 2
0.164998 0.185322 0.680186 1
0.078280 0.584525 0.066603 1
0.221298 0.948440 0.498572 2
0.573713 0.269683 0.440062 -3
0.133002 0.516616 0.053956 1
0.048249 0.679648 0.054982 -3
0.521284 0.266026 0.187694 1
0.573319 0.296463 0.456382 -3
0.138974 0.126486 0.106529 -2
0.071560 0.553714 0.756005 -1
0.792367 0.957845 0.168392 -3
0.135619 0.469955 0.861008 1
0.767069 0.558178 0.156783 -2
0.391263 0.719346 0.373413 -1
0.039119 0.583884 0.720135 1
0.714771 0.164866 0.335992 3
0.409172 0.420481 0.114158 -3
0.385532 0.506632 0.710561 -2
0.569448 0.404931 0.927597 -2
0.598084 0.974791 0.867376 -2
0.673626 0.899313 0.991240 -3
0.220877 0.691057 0.918779 3
0.017400 0.799489 0.089403 -2
0.916554 0.612013 0.162069 -3
0.039410 0.827821 0.139492 -2
0.939541 0.090865 0.837978 3
0.423533 0.872735 0.768574 3
0.852882 0.470242 0.713768 1
0.318668 0.047173 0.232400 -3
0.001362 0.363028 0.493829 3
0.019407 0.007730 0.686464 1
0.100436 0.073846 0.495598 -1
0.718159 0.977165 0.295397 -3
0.117518 0.068537 0.207511 -3
0.100055 0.003384 0.285074 -2
0.164207 0.018250 0.354632 -3
0.825916 0.303662 0.710100 -2
0.728735 0.025556 0.961785 3
0.139009 0.717465 0.379443 -1
0.868223 0.994961 0.193323 -3
0.819456 0.505503 0.965431 -3
0.658089 0.593238 0.229523 1
0.718700 0.288201 0.845759 3
0.977264 0.007793 0.954633 2
0.358460 0.488316 0.924086 1
0.775958 0.243222 0.096853 3
0.841226 0.747060 0.858339 -1
0.384041 0.492114 0.465019 -1
0.314722 0.335672 0.718649 -3
0.753071 0.863854 0.844902 3
0.753938 0.332778 0.710046 -3
0.972624 0.916240 0.971488 1
0.036208 0.611599 0.215343 -3
0.246560 0.844061 0.750192 3
0.328802 0.519915 0.188330 -3
0.003827 0.899958 0.709642 -1
0.528818 0.054099 0.420840 -1
0.380042 0.171547 0.156188 -2
0.173178 0.596836 0.124704 2
0.238549 0.946272 0.219462 -3
0.763857 0.598040 0.413157 -3
0.595286 0.133620 0.484188 -2
0.972134 0.427721 0.242881 -2
0.927507 0.610774 0.727857 1
0.543405 0.011202 0.755700 -2
0.978697 0.716188 0.808757 -3
0.851587 0.999201 0.288613 2
0.449384 0.542826 0.152456 1
0.480976 0.276981 0.836932 3
0.347064 0.081685 0.010085 2
0.860543 0.858846 0.934089 -1
0.072546 0.394759 0.428194 2
0.860884 0.261420 0.302204 2
0.732727 0.180052 0.635375 -3
0.742209 0.180453 0.221945 3
0.699809 0.794504 0.953355 2
0.308650 0.548634 0.146813 3
0.436895 0.261121 0.348800 -3
0.803366 0.803230 0.704506 -3
0.123639 0.284025 0.939296 1
0.452526 0.621845 0.018309 1
0.518020 0.689143 0.058882 2
0.115285 0.368369 0.944459 1
0.248798 0.021603 0.809278 -1
0.849248 0.536696 0.893047 1
0.179034 0.274669 0.020450 2
0.583432 0.887389 0.606401 2
0.080286 0.693224 0.675941 1
0.166744 0.828984 0.912390 -3
0.391699 0.308764 0.574674 -2
0.972517 0.724963 0.790063 -1
0.768583 0.956994 0.816192 2
0.268314 0.231301 0.242091 -1
0.212935 0.208263 0.934502 -2
0.951662 0.089854 0.064074 1
0.857030 0.563742 0.211566 3
0.461817 0.073746 0.982217 -1
0.139951 0.806553 0.958180 2
0.711011 0.088551 0.589985 1
0.129216 0.866950 0.672826 3
0.942056 0.145886 0.453684 -1
0.543563 0.108338 0.676906 -1
0.566436 0.348042 0.412917 1
0.796229 0.356413 0.972633 3
0.918185 0.078086 0.852417 1
0.673779 0.055319 0.955366 -2
0.833487 0.832684 0.915645 2
0.921084 0.219080 0.937363 -3
0.047930 0.881432 0.456713 1
0.831168 0.273041 0.754863 -1
0.804700 0.080937 0.914414 3
0.817251 0.595462 0.707929 2
0.345820 0.470560 0.147363 -1
0.499907 0.782821 0.558396 3
0.133484 0.829552 0.737987 2
0.037355 0.804882 0.865244 -2
0.512380 0.378594 0.083479 3
0.828276 0.003659 0.343487 3
0.327735 0.912012 0.449291 3
0.888658 0.089295 0.846079 3
0.612378 0.537919 0.305956 -1
0.490369 0.273454 0.455818 1
0.768817 0.625490 0.680534 2
0.892217 0.052939 0.198943 2
0.724194 0.408236 0.650213 2
0.897765 0.736003 0.933117 -2
0.151942 0.756629 0.702627 1
0.007553 0.042975 0.033770 3
0.527617 0.776510 0.405358 1
0.003230 0.174895 0.948505 3
0.244662 0.853386 0.370388 -3
0.521297 0.489733 0.134481 2
0.366163 0.999644 0.564127 1
0.465235 0.549143 0.263009 -1
0.566366 0.728320 0.105684 -2
0.278450 0.208922 0.744879 -3
0.935667 0.424687 0.633246 1
0.031212 0.131488 0.384451 -2
0.664392 0.640329 0.192156 2
0.132896 0.938072 0.355360 -3
44 44 44
0.31 10 1 20
