random
33 33 33
90 90 90
1000
0.696469 0.286139 0.226851 2
0.551315 0.719469 0.423106 -2
0.980764 0.684830 0.480932 -3
0.392118 0.343178 0.729050 -2
0.438572 0.059678 0.398044 3
0.737995 0.182492 0.175452 1
0.531551 0.531828 0.634401 -1
0.849432 0.724455 0.611024 -1
0.722443 0.322959 0.361789 3
0.228263 0.293714 0.630976 1
0.092105 0.433701 0.430863 -3
0.493685 0.425830 0.312261 2
0.426351 0.893389 0.944160 -2
0.501837 0.623953 0.115618 1
0.317285 0.414826 0.866309 -2
0.250455 0.483034 0.985560 2
0.519485 0.612895 0.120629 -2
0.826341 0.603060 0.545068 -1
0.342764 0.304121 0.417022 1
0.681301 0.875457 0.510422 -2
0.669314 0.585937 0.624904 3
0.674689 0.842342 0.083195 1
0.763683 0.243666 0.194223 -1
0.572457 0.095713 0.885327 -1
0.627249 0.723416 0.016129 -1
0.594432 0.556785 0.158960 1
0.153071 0.695530 0.318766 -3
0.691970 0.554383 0.388951 -2
0.925132 0.841670 0.357398 -3
0.043591 0.304768 0.398186 -2
0.704959 0.995358 0.355915 3
0.762548 0.593177 0.691702 -3
0.151127 0.398876 0.240856 2
0.343456 0.513128 0.666625 -3
0.105908 0.130895 0.321981 3
0.661564 0.846506 0.553257 1
0.854452 0.384838 0.316788 -3
0.354265 0.171082 0.829113 3
0.338671 0.552370 0.578551 -2
0.521533 0.002688 0.988345 -3
0.905342 0.207636 0.292489 -2
0.520010 0.901911 0.983631 1
0.257542 0.564359 0.806969 -2
0.394370 0.731073 0.161069 2
0.600699 0.865864 0.983522 -3
0.079366 0.428347 0.204543 -1
0.450636 0.547764 0.093327 3
0.296861 0.927584 0.569004 1
0.457412 0.753526 0.741862 3
0.048579 0.708697 0.839243 -1
0.165938 0.780998 0.286537 -3
0.306470 0.665261 0.111392 1
0.664872 0.887857 0.696311 -2
0.440328 0.438214 0.765096 -1
0.565642 0.084904 0.582671 -2
0.814844 0.337066 0.927577 -2
0.750717 0.574064 0.751644 3
0.079149 0.859389 0.821504 2
0.909872 0.128631 0.081780 -3
0.138416 0.399379 0.424307 -1
0.562218 0.122244 0.201400 -2
0.811644 0.467988 0.807938 -2
0.007426 0.551593 0.931932 1
0.582175 0.206096 0.717758 -2
0.378986 0.668384 0.029320 2
0.635900 0.032198 0.744781 -1
0.472913 0.121754 0.542636 -2
0.066774 0.653365 0.996086 1
0.769397 0.573774 0.102635 -3
0.699834 0.661168 0.049097 -3
0.792299 0.518717 0.425868 1
0.788187 0.411569 0.481026 3
0.181629 0.321319 0.845533 -1
0.186904 0.417291 0.989035 -2
0.236600 0.916832 0.918397 -3
0.091296 0.463653 0.502216 -2
0.313669 0.047340 0.241686 -1
0.095530 0.238250 0.807791 -3
0.894978 0.043223 0.301947 2
0.980582 0.539505 0.626309 -1
0.005545 0.484909 0.988329 -3
0.375186 0.097038 0.461909 3
0.963004 0.341831 0.798923 3
0.798846 0.208248 0.443368 3
0.715601 0.410520 0.191007 3
0.967494 0.650750 0.865460 -2
0.025242 0.266906 0.502071 3
0.067449 0.993033 0.236462 1
0.374292 0.214012 0.105446 -1
0.232480 0.300610 0.634442 -2
0.281235 0.362277 0.005943 3
0.365719 0.533886 0.162016 -2
0.597433 0.293152 0.632050 1
0.026197 0.887593 0.016119 -2
0.126958 0.777162 0.045895 -1
0.710999 0.971046 0.871683 -1
0.710162 0.958510 0.429813 1
0.872879 0.355958 0.929764 2
0.148778 0.940029 0.832716 3
0.846055 0.123923 0.596487 -3
0.016392 0.721184 0.007738 -3
0.084822 0.225498 0.875125 2
0.363576 0.539960 0.568103 1
0.225463 0.572147 0.660952 -3
0.298245 0.418627 0.453089 1
0.932351 0.587494 0.948252 -2
0.556035 0.500561 0.003532 -2
0.480889 0.927455 0.198366 2
0.052091 0.406779 0.372396 -2
0.857153 0.026611 0.920149 -1
0.680903 0.904226 0.607529 2
0.811953 0.335544 0.349566 -2
0.389874 0.754797 0.369291 -1
0.242220 0.937668 0.908011 3
0.348797 0.634638 0.273842 2
0.206115 0.336340 0.327100 -3
0.882276 0.822304 0.709623 -1
0.959345 0.422543 0.245033 2
0.117398 0.301053 0.145264 2
0.092186 0.602932 0.364187 -1
0.564570 0.191336 0.676906 1
0.215505 0.278024 0.741760 3
0.559738 0.334836 0.542989 1
0.693985 0.912132 0.580713 -1
0.232686 0.746698 0.777769 -2
0.200401 0.820574 0.464935 2
0.779767 0.237478 0.332580 2
0.953697 0.657815 0.772878 -3
0.688374 0.204304 0.470689 -1
0.808964 0.675035 0.006028 -3
0.087408 0.346795 0.944366 -1
0.491190 0.270176 0.360424 -1
0.210653 0.421200 0.218035 -1
0.845753 0.456271 0.279802 2
0.932892 0.314351 0.909715 3
0.043418 0.707115 0.483889 -1
0.444221 0.036323 0.040683 1
0.332754 0.947120 0.617660 -1
0.368875 0.611977 0.206132 2
0.165066 0.361817 0.863353 -1
0.509402 0.296902 0.950252 3
0.815966 0.322974 0.972098 2
0.987351 0.408660 0.655923 -2
0.405653 0.257348 0.082653 -3
0.263610 0.271480 0.398639 2
0.184886 0.953818 0.102880 -3
0.625209 0.441697 0.423518 1
0.371992 0.868315 0.280477 -2
0.020576 0.918097 0.864480 1
0.276902 0.523488 0.109088 -2
0.093427 0.837466 0.410266 1
0.661717 0.943201 0.245131 3
0.013160 0.024148 0.709386 -2
0.924552 0.467330 0.375109 -2
0.542860 0.858917 0.652154 -2
0.232980 0.774580 0.134613 1
0.165560 0.612682 0.238783 -3
0.704779 0.349519 0.277424 -3
0.998918 0.040616 0.645823 -2
0.038700 0.760210 0.230090 -3
0.089832 0.648450 0.732601 -2
0.678095 0.051901 0.294307 -3
0.451088 0.287103 0.810513 1
0.131115 0.612179 0.988215 3
0.902557 0.222157 0.000082 2
0.980597 0.882713 0.919472 -2
0.415504 0.744615 0.212831 1
0.392304 0.851548 0.127612 -1
0.893865 0.496508 0.426096 3
0.305646 0.916849 0.517623 -2
0.804026 0.857652 0.922382 -2
0.303381 0.339811 0.595074 -3
0.441324 0.932843 0.397564 -2
0.477778 0.617186 0.404739 -1
0.992478 0.098851 0.220603 -1
0.322655 0.147723 0.284219 -3
0.779245 0.522892 0.033954 -2
0.982623 0.616006 0.058939 -3
0.661169 0.378369 0.135673 3
0.563665 0.727080 0.671127 2
0.247513 0.524866 0.537663 -1
0.716803 0.359867 0.797733 -2
0.627922 0.038332 0.546479 1
0.861912 0.567574 0.175828 -2
0.510376 0.756946 0.110105 -2
0.817099 0.167482 0.534076 3
0.385743 0.248624 0.647433 2
0.037392 0.760046 0.526941 -3
0.875771 0.520718 0.035033 -1
0.143601 0.795605 0.491976 1
0.441879 0.318435 0.284549 3
0.965886 0.432969 0.884003 3
0.648163 0.858428 0.852450 -3
0.956312 0.697942 0.805397 -3
0.733128 0.605227 0.717354 3
0.715750 0.040908 0.516111 3
0.792651 0.242962 0.465148 3
0.434986 0.402787 0.121840 -3
0.525712 0.446248 0.663393 -3
0.549413 0.027543 0.031918 -3
0.701360 0.707581 0.959939 -3
0.876705 0.468060 0.625907 3
0.457182 0.222946 0.376677 2
0.103884 0.666527 0.192030 2
0.475468 0.967437 0.031669 1
0.151730 0.298579 0.941807 3
0.908842 0.162001 0.981118 -1
0.750748 0.539977 0.931703 3
0.880607 0.391316 0.656343 1
0.647385 0.326968 0.179390 -3
0.466810 0.263281 0.355065 1
0.954144 0.461138 0.684891 1
0.336230 0.995861 0.658768 1
0.196009 0.098184 0.943181 -3
0.944778 0.621328 0.016991 -1
0.225535 0.801277 0.875460 -2
0.453990 0.365521 0.274225 2
0.116971 0.115745 0.952603 1
0.808626 0.164779 0.207050 -1
0.655552 0.764664 0.810315 2
0.163338 0.984128 0.227802 1
0.589415 0.587616 0.967362 -3
0.657667 0.584904 0.518773 3
0.764658 0.106055 0.002092 -3
0.952489 0.498658 0.328335 1
0.368053 0.803843 0.382370 -3
0.770169 0.440462 0.844077 3
0.076204 0.481128 0.466850 1
0.264328 0.943615 0.905028 2
0.443596 0.097160 0.206783 -2
0.271492 0.484220 0.338377 -1
0.774136 0.476027 0.870371 3
0.995782 0.219836 0.611671 -2
0.847502 0.945237 0.290086 -1
0.727043 0.015016 0.879142 3
0.063939 0.733395 0.994610 -1
0.501190 0.209334 0.594644 3
0.624150 0.668073 0.172612 -3
0.898713 0.620991 0.043569 -1
0.684041 0.196084 0.027341 1
0.550953 0.813314 0.859941 -1
0.103521 0.663043 0.710075 2
0.294517 0.971364 0.278687 1
0.069982 0.519280 0.694315 3
0.244660 0.338582 0.563628 -3
0.886678 0.747326 0.209592 -2
0.251777 0.523881 0.768959 -3
0.618762 0.501324 0.597125 -1
0.756060 0.537080 0.897753 -3
0.947067 0.915355 0.754518 -2
0.246321 0.385271 0.280000 1
0.657660 0.324222 0.754392 -1
0.113509 0.775365 0.585902 1
0.835389 0.430876 0.624964 2
0.554412 0.975671 0.755474 -1
0.544813 0.174032 0.904114 -3
0.205838 0.650043 0.936472 -3
0.223580 0.225924 0.851819 -2
0.827655 0.351703 0.265096 3
0.127388 0.987936 0.835343 1
0.899392 0.513679 0.114385 2
0.052580 0.330582 0.920330 1
0.947582 0.841164 0.158679 -2
0.419923 0.246243 0.205350 -2
0.684826 0.486112 0.324910 -1
0.100214 0.544763 0.347025 -2
0.391096 0.310509 0.387195 1
0.555860 0.014144 0.847647 1
0.921920 0.550530 0.268021 -1
0.990239 0.383194 0.693655 2
0.689953 0.434309 0.199158 -3
0.966579 0.063691 0.485149 2
0.220731 0.293974 0.828527 -2
0.367266 0.083348 0.196309 -3
0.860373 0.977029 0.267982 3
0.675409 0.081199 0.723466 2
0.416437 0.918160 0.311536 3
0.941467 0.503247 0.348893 -3
0.647020 0.249746 0.229764 2
0.196346 0.959900 0.492914 3
0.751615 0.473992 0.587540 1
0.584139 0.979886 0.668433 -2
0.239769 0.015198 0.218682 -2
0.455520 0.393420 0.812326 3
0.785557 0.089096 0.952011 -2
0.527457 0.596404 0.405057 2
0.649501 0.871326 0.673936 -3
0.970099 0.701122 0.821721 2
0.045040 0.672699 0.654753 -1
0.101746 0.842387 0.614172 -1
0.098328 0.594467 0.478416 1
0.233294 0.019756 0.365567 3
0.619851 0.329279 0.307255 -3
0.751121 0.758625 0.718766 -1
0.101182 0.516166 0.557799 2
0.744805 0.903178 0.369039 1
0.428663 0.732767 0.662636 3
0.557870 0.350140 0.195352 -3
0.183807 0.081583 0.081201 -3
0.845798 0.383673 0.060740 3
0.896426 0.223270 0.268124 3
0.194498 0.967501 0.112540 -3
0.722163 0.932089 0.668001 -2
0.858727 0.242447 0.673928 -1
0.700871 0.458333 0.870546 -1
0.694386 0.894878 0.753204 -2
0.520290 0.498688 0.453728 -2
0.021647 0.535141 0.422973 2
0.157534 0.119070 0.449352 2
0.039913 0.986580 0.378121 3
0.382109 0.051126 0.426672 -2
0.015745 0.030094 0.339099 3
0.820969 0.458821 0.014841 -3
0.163220 0.739923 0.738294 1
0.754523 0.351669 0.352277 -1
0.802076 0.398138 0.727191 1
0.581123 0.364342 0.080007 2
0.116125 0.889559 0.452341 -3
0.994005 0.363897 0.249954 2
0.350539 0.343086 0.637357 -3
0.012738 0.763269 0.416415 2
0.432239 0.481115 0.449212 -1
0.497471 0.345904 0.453346 2
0.404651 0.518243 0.623269 -2
0.241041 0.508437 0.594622 -1
0.016948 0.520494 0.239293 -2
0.404539 0.826530 0.326236 1
0.483217 0.024741 0.308751 3
0.639721 0.315162 0.205798 3
0.290656 0.954378 0.086802 -2
0.463358 0.058387 0.538658 2
0.146036 0.634085 0.264397 -1
0.690915 0.347146 0.004168 -2
0.294895 0.081894 0.495040 -1
0.288890 0.639992 0.499936 3
0.036045 0.318634 0.489059 3
0.572204 0.104871 0.649971 3
0.343698 0.182921 0.805327 2
0.068623 0.929770 0.706266 -2
0.475591 0.011161 0.390125 2
0.645798 0.858913 0.617764 3
0.397707 0.447359 0.873295 3
0.351357 0.065158 0.442673 1
0.998459 0.379773 0.193055 -3
0.045130 0.170969 0.324064 -2
0.574278 0.665588 0.042819 3
0.936180 0.235638 0.149062 -2
0.530829 0.677586 0.307253 3
0.669441 0.294294 0.902172 1
0.880695 0.071194 0.150403 -2
0.698059 0.000120 0.821814 -1
0.356240 0.744620 0.044237 -2
0.209264 0.070805 0.179824 -2
0.384421 0.491552 0.916091 1
0.627174 0.706480 0.082111 2
0.286787 0.991732 0.560422 -1
0.787817 0.032482 0.084076 3
0.109233 0.015286 0.921979 -3
0.253635 0.996569 0.738130 -2
0.250611 0.991805 0.868534 3
0.164998 0.185322 0.680186 1
0.078280 0.584525 0.066603 1
0.221298 0.948440 0.498572 -1
0.573713 0.269683 0.440062 3
0.133002 0.516616 0.053956 1
0.048249 0.679648 0.054982 -2
0.521284 0.266026 0.187694 3
0.573319 0.296463 0.456382 2
0.138974 0.126486 0.106529 -1
0.071560 0.553714 0.756005 2
0.792367 0.957845 0.168392 3
0.135619 0.469955 0.861008 1
0.767069 0.558178 0.156783 2
0.391263 0.719346 0.373413 -1
0.039119 0.583884 0.720135 -1
0.714771 0.164866 0.335992 2
0.409172 0.420481 0.114158 3
0.385532 0.506632 0.710561 1
0.569448 0.404931 0.927597 -3
0.598084 0.974791 0.867376 3
0.673626 0.899313 0.991240 3
0.220877 0.691057 0.918779 -1
0.017400 0.799489 0.089403 2
0.916554 0.612013 0.162069 -1
0.039410 0.827821 0.139492 -2
0.939541 0.090865 0.837978 2
0.423533 0.872735 0.768574 2
0.852882 0.470242 0.713768 -2
0.318668 0.047173 0.232400 1
0.001362 0.363028 0.493829 2
0.019407 0.007730 0.686464 -2
0.100436 0.073846 0.495598 -3
0.718159 0.977165 0.295397 1
0.117518 0.068537 0.207511 -3
0.100055 0.003384 0.285074 -3
0.164207 0.018250 0.354632 -2
0.825916 0.303662 0.710100 2
0.728735 0.025556 0.961785 1
0.139009 0.717465 0.379443 -1
0.868223 0.994961 0.193323 2
0.819456 0.505503 0.965431 1
0.658089 0.593238 0.229523 2
0.718700 0.288201 0.845759 -3
0.977264 0.007793 0.954633 2
0.358460 0.488316 0.924086 1
0.775958 0.243222 0.096853 -1
0.841226 0.747060 0.858339 3
0.384041 0.492114 0.465019 2
0.314722 0.335672 0.718649 -2
0.753071 0.863854 0.844902 -2
0.753938 0.332778 0.710046 2
0.972624 0.916240 0.971488 1
0.036208 0.611599 0.215343 2
0.246560 0.844061 0.750192 -3
0.328802 0.519915 0.188330 -3
0.003827 0.899958 0.709642 -2
0.528818 0.054099 0.420840 -1
0.380042 0.171547 0.156188 2
0.173178 0.596836 0.124704 -1
0.238549 0.946272 0.219462 3
0.763857 0.598040 0.413157 1
0.595286 0.133620 0.484188 3
0.972134 0.427721 0.242881 1
0.927507 0.610774 0.727857 3
0.543405 0.011202 0.755700 2
0.978697 0.716188 0.808757 -1
0.851587 0.999201 0.288613 2
0.449384 0.542826 0.152456 2
0.480976 0.276981 0.836932 -1
0.347064 0.081685 0.010085 -2
0.860543 0.858846 0.934089 -3
0.072546 0.394759 0.428194 1
0.860884 0.261420 0.302204 1
0.732727 0.180052 0.635375 -2
0.742209 0.180453 0.221945 2
0.699809 0.794504 0.953355 2
0.308650 0.548634 0.146813 3
0.436895 0.261121 0.348800 2
0.803366 0.803230 0.704506 -1
0.123639 0.284025 0.939296 1
0.452526 0.621845 0.018309 -2
0.518020 0.689143 0.058882 -2
0.115285 0.368369 0.944459 -3
0.248798 0.021603 0.809278 1
0.849248 0.536696 0.893047 -2
0.179034 0.274669 0.020450 -3
0.583432 0.887389 0.606401 2
0.080286 0.693224 0.675941 -3
0.166744 0.828984 0.912390 -1
0.391699 0.308764 0.574674 2
0.972517 0.724963 0.790063 2
0.768583 0.956994 0.816192 1
0.268314 0.231301 0.242091 3
0.212935 0.208263 0.934502 -2
0.951662 0.089854 0.064074 3
0.857030 0.563742 0.211566 -2
0.461817 0.073746 0.982217 -1
0.139951 0.806553 0.958180 -1
0.711011 0.088551 0.589985 -3
0.129216 0.866950 0.672826 -3
0.942056 0.145886 0.453684 -3
0.543563 0.108338 0.676906 -3
0.566436 0.348042 0.412917 -1
0.796229 0.356413 0.972633 3
0.918185 0.078086 0.852417 1
0.673779 0.055319 0.955366 2
0.833487 0.832684 0.915645 -1
0.921084 0.219080 0.937363 -1
0.047930 0.881432 0.456713 -3
0.831168 0.273041 0.754863 -1
0.804700 0.080937 0.914414 2
0.817251 0.595462 0.707929 -1
0.345820 0.470560 0.147363 2
0.499907 0.782821 0.558396 3
0.133484 0.829552 0.737987 2
0.037355 0.804882 0.865244 -1
0.512380 0.378594 0.083479 -1
0.828276 0.003659 0.343487 -2
0.327735 0.912012 0.449291 2
0.888658 0.089295 0.846079 -1
0.612378 0.537919 0.305956 -3
0.490369 0.273454 0.455818 2
0.768817 0.625490 0.680534 -3
0.892217 0.052939 0.198943 -1
0.724194 0.408236 0.650213 -3
0.897765 0.736003 0.933117 -1
0.151942 0.756629 0.702627 1
0.007553 0.042975 0.033770 -3
0.527617 0.776510 0.405358 -2
0.003230 0.174895 0.948505 1
0.244662 0.853386 0.370388 -1
0.521297 0.489733 0.134481 1
0.366163 0.999644 0.564127 2
0.465235 0.549143 0.263009 -2
0.566366 0.728320 0.105684 2
0.278450 0.208922 0.744879 -1
0.935667 0.424687 0.633246 1
0.031212 0.131488 0.384451 -2
0.664392 0.640329 0.192156 -1
0.132896 0.938072 0.355360 -1
0.460432 0.095360 0.910235 -1
0.668018 0.509971 0.431266 -2
0.051466 0.214294 0.856079 -2
0.622204 0.193875 0.189203 -2
0.350126 0.615297 0.542415 2
0.527035 0.868931 0.861251 1
0.845199 0.702452 0.392450 -1
0.269344 0.955693 0.045285 -1
0.618383 0.846124 0.271913 -1
0.978746 0.885924 0.199328 -2
0.270309 0.897303 0.109252 1
0.188477 0.608549 0.147014 1
0.572545 0.575545 0.596354 3
0.250701 0.821081 0.970444 3
0.277886 0.865493 0.293052 3
0.348927 0.785443 0.137330 -1
0.061808 0.386633 0.129683 -1
0.079553 0.588728 0.183975 1
0.300901 0.729089 0.092996 -1
0.993968 0.308757 0.545629 3
0.791849 0.237006 0.341164 -2
0.206269 0.378578 0.734937 1
0.714427 0.182019 0.476924 -1
0.688207 0.738150 0.636037 1
0.194823 0.868079 0.288448 1
0.369922 0.558498 0.859379 3
0.649650 0.701688 0.216368 2
0.352562 0.136893 0.736903 -2
0.948758 0.734868 0.124679 1
0.693365 0.433225 0.092114 -1
0.999474 0.724125 0.622438 2
0.873098 0.325341 0.666845 -1
0.468280 0.123950 0.541070 -1
0.631909 0.473250 0.125272 3
0.075283 0.664838 0.837908 -2
0.924094 0.388186 0.938316 2
0.819803 0.424042 0.406320 -3
0.333479 0.069117 0.009726 -1
0.245499 0.254617 0.729661 -3
0.157371 0.692422 0.730335 2
0.459717 0.117654 0.719510 -2
0.913647 0.366179 0.758740 -1
0.741919 0.054042 0.055708 -2
0.676618 0.830908 0.920562 -3
0.141663 0.583390 0.282053 1
0.222701 0.738389 0.413192 -1
0.437692 0.844401 0.238685 1
0.528342 0.827710 0.131889 -1
0.596183 0.837190 0.764466 2
0.884482 0.032564 0.691456 -3
0.203937 0.557019 0.774779 2
0.420191 0.704204 0.840411 -3
0.945719 0.545093 0.316100 -1
0.390026 0.865597 0.240317 2
0.883264 0.057836 0.971325 3
0.119107 0.883389 0.540772 1
0.561328 0.980656 0.951362 -3
0.798608 0.651583 0.677701 -1
0.133469 0.467405 0.429166 -1
0.101909 0.011328 0.016268 -1
0.737467 0.447456 0.490575 2
0.253557 0.540838 0.127207 -3
0.163550 0.817644 0.027429 -3
0.916014 0.338188 0.932158 -3
0.063699 0.312700 0.593169 3
0.937805 0.090004 0.809193 -2
0.613024 0.640008 0.992309 -3
0.321083 0.360188 0.535854 3
0.625084 0.311746 0.706324 -2
0.082125 0.194805 0.013252 2
0.749620 0.947898 0.768711 -2
0.172871 0.283858 0.671178 -2
0.309447 0.406818 0.255804 3
0.534227 0.869476 0.239693 -3
0.529537 0.665004 0.006576 1
0.252973 0.567267 0.825200 2
0.227961 0.898848 0.824565 3
0.394075 0.813475 0.849249 1
0.281660 0.115151 0.100919 2
0.880750 0.494402 0.671453 -2
0.390058 0.780252 0.824213 -2
0.892536 0.641770 0.892120 1
0.866853 0.271644 0.588548 1
0.262159 0.637819 0.897148 1
0.483140 0.824560 0.017105 -2
0.867143 0.944203 0.313406 -2
0.709646 0.819231 0.124268 3
0.414446 0.206583 0.746559 -3
0.405915 0.000136 0.262634 3
0.203302 0.074768 0.530817 -1
0.336945 0.218931 0.936666 -2
0.323778 0.127703 0.523178 1
0.892336 0.777958 0.148189 2
0.298981 0.237169 0.927636 1
0.279287 0.169382 0.455117 2
0.611781 0.158512 0.024511 3
0.094765 0.650948 0.163448 -2
0.258843 0.675719 0.871362 -3
0.952672 0.383583 0.226371 3
0.739132 0.712424 0.974423 -1
0.097888 0.878144 0.175660 -1
0.747335 0.995425 0.231778 -3
0.742180 0.774158 0.280959 2
0.921230 0.069664 0.228880 2
0.294579 0.090053 0.245252 -1
0.787163 0.267234 0.506616 1
0.135354 0.591687 0.610870 2
0.218261 0.074651 0.701785 -1
0.633436 0.482250 0.895423 -3
0.977269 0.732394 0.962273 -2
0.147145 0.159546 0.999067 -1
0.376538 0.559460 0.944732 1
0.603975 0.870042 0.707296 -1
0.855877 0.470297 0.949380 -2
0.125261 0.807671 0.235292 3
0.618814 0.776262 0.701001 1
0.439606 0.930348 0.161829 2
0.720008 0.253180 0.687964 3
0.190621 0.047781 0.784792 2
0.817446 0.162430 0.807100 -2
0.328042 0.571147 0.601882 -2
0.913632 0.570231 0.868957 1
0.421520 0.653172 0.191466 3
0.712214 0.927755 0.427176 1
0.647290 0.544298 0.014501 2
0.907783 0.809290 0.415485 1
0.090968 0.351595 0.525642 3
0.244173 0.832505 0.295477 -1
0.204933 0.172864 0.726270 -3
0.546623 0.695974 0.290345 3
0.400003 0.895607 0.330402 -1
0.902949 0.966285 0.019534 -3
0.494230 0.622056 0.012501 -2
0.350164 0.028044 0.616491 -2
0.463158 0.262915 0.777590 2
0.542914 0.332427 0.935303 -3
0.975834 0.182401 0.978392 1
0.587604 0.875358 0.291498 3
0.046608 0.012585 0.430931 2
0.004549 0.445481 0.743970 -1
0.668334 0.731955 0.594581 -3
0.953990 0.240103 0.903827 -1
0.981729 0.003548 0.431138 -1
0.676072 0.614536 0.989244 3
0.660368 0.617446 0.926329 2
0.902114 0.834186 0.407375 1
0.697498 0.956000 0.239886 -3
0.487981 0.757571 0.597765 -3
0.783748 0.264010 0.130825 1
0.471213 0.664815 0.597546 2
0.610675 0.092662 0.491319 -3
0.202465 0.710678 0.558419 -3
0.600778 0.595567 0.306213 -1
0.083369 0.413089 0.297741 2
0.569707 0.223138 0.223702 3
0.325156 0.173324 0.402011 -2
0.824017 0.852004 0.108247 -1
0.330730 0.613212 0.226949 -3
0.919477 0.706633 0.220290 -1
0.106683 0.073776 0.187974 3
0.395548 0.750789 0.140999 -2
0.036462 0.891701 0.335376 1
0.330362 0.525107 0.419830 2
0.295230 0.715579 0.792169 -1
0.826280 0.770030 0.690428 -2
0.193012 0.731650 0.274711 -3
0.721818 0.097863 0.423016 1
0.393018 0.036701 0.884020 -3
0.676480 0.778257 0.665721 2
0.343000 0.506794 0.128745 -1
0.161617 0.324069 0.643685 -2
0.599595 0.775260 0.532157 1
0.675671 0.043884 0.933298 2
0.846187 0.936615 0.173625 -1
0.145973 0.540244 0.838719 2
0.738378 0.258626 0.475249 -1
0.235360 0.564230 0.567532 3
0.083120 0.632817 0.097030 2
0.027905 0.855130 0.248447 2
0.465100 0.937961 0.625413 3
0.372606 0.851842 0.214575 -1
0.488262 0.565739 0.585826 3
0.017510 0.376967 0.514893 2
0.457847 0.821943 0.722941 1
0.932163 0.223781 0.156217 1
0.203219 0.656378 0.251684 -1
0.664569 0.683352 0.081326 2
0.740010 0.313964 0.221120 -1
0.258812 0.896297 0.605107 1
0.649713 0.217124 0.359963 1
0.810483 0.340175 0.812651 -1
0.199985 0.732376 0.116811 -1
0.822385 0.672712 0.957318 -3
0.029522 0.131857 0.027275 1
0.016750 0.846053 0.631425 -1
0.643764 0.376128 0.053298 2
0.431187 0.157367 0.934595 -3
0.878545 0.300919 0.017328 3
0.020926 0.528839 0.823155 -3
0.342323 0.657445 0.857983 3
0.636223 0.006130 0.551141 3
0.174850 0.800064 0.412372 3
0.439200 0.303909 0.229555 3
0.159954 0.407676 0.537583 -3
0.900940 0.401946 0.321753 2
0.818175 0.696192 0.114784 -2
0.707333 0.951202 0.497209 3
0.490586 0.723575 0.199857 -3
0.367004 0.316921 0.995883 -2
0.161618 0.173954 0.460907 -1
0.274312 0.870677 0.436476 3
0.684897 0.818203 0.272046 -3
0.732738 0.399097 0.254519 1
0.890109 0.565035 0.496332 -3
0.180603 0.901641 0.637842 1
0.947624 0.044327 0.116625 3
0.877354 0.451764 0.466978 1
0.223281 0.488428 0.438523 1
0.720857 0.635484 0.798985 -3
0.783102 0.421518 0.301484 2
0.326793 0.989941 0.409232 3
0.755466 0.082742 0.429565 1
0.328872 0.160213 0.023874 3
0.251949 0.793322 0.297492 2
0.873018 0.578848 0.804736 3
0.999363 0.640563 0.340880 3
0.310024 0.972688 0.714567 3
0.502503 0.214076 0.489896 -1
0.762140 0.974717 0.672810 2
0.024636 0.465174 0.827677 3
0.510517 0.344107 0.861105 -3
0.577592 0.504391 0.486288 2
0.681494 0.455283 0.567120 -1
0.288515 0.171865 0.820053 -3
0.319198 0.125665 0.184262 -2
0.412662 0.285427 0.695083 -2
0.349901 0.585850 0.167111 3
0.136585 0.906311 0.864586 -2
0.897734 0.493431 0.070437 3
0.310187 0.881402 0.422504 -3
0.326867 0.295497 0.549443 -1
0.452277 0.374890 0.423044 -1
0.266665 0.191823 0.201848 1
0.038344 0.945604 0.956504 2
0.102886 0.073813 0.416267 3
0.763945 0.826036 0.021390 2
0.283302 0.535306 0.135096 -3
0.969990 0.251295 0.531372 1
0.109654 0.338906 0.123111 3
0.911847 0.949862 0.541321 1
0.349848 0.323492 0.923678 1
0.619338 0.409593 0.771548 -2
0.535290 0.217972 0.238491 2
0.275203 0.016008 0.255814 -2
0.611331 0.753385 0.113431 3
0.972246 0.488750 0.062242 -2
0.939976 0.271673 0.309713 3
0.459346 0.324372 0.177678 -1
0.127129 0.509685 0.070530 -3
0.709834 0.341886 0.992624 3
0.062853 0.048572 0.251809 2
0.351611 0.813247 0.829674 -2
0.723586 0.825727 0.728343 2
0.873004 0.464513 0.276438 2
0.629458 0.364569 0.067643 -1
0.855836 0.834096 0.496313 2
0.466016 0.118867 0.125898 2
0.797759 0.854010 0.005682 1
0.783901 0.535970 0.437351 -2
0.475493 0.713050 0.002390 -3
0.062693 0.841335 0.997651 -2
0.241585 0.400117 0.701948 2
0.664784 0.783733 0.914122 1
0.264070 0.527076 0.140494 -3
0.970311 0.757400 0.187351 -1
0.739853 0.798834 0.136449 -1
0.499231 0.822738 0.347170 3
0.050475 0.344081 0.781979 -1
0.100399 0.310248 0.853583 2
0.161935 0.388652 0.554185 -3
0.177939 0.700654 0.781307 1
0.634584 0.861808 0.130701 -2
0.003295 0.266940 0.840036 2
0.126973 0.763842 0.929301 3
0.560772 0.883039 0.248105 -1
0.722822 0.780133 0.487495 -2
0.602753 0.088895 0.276337 -1
0.076794 0.239441 0.892572 -3
0.030846 0.496830 0.522666 -1
0.285772 0.781623 0.589544 1
0.195245 0.471186 0.023368 -2
0.017907 0.734886 0.172264 2
0.968482 0.358210 0.698716 1
0.462476 0.409462 0.667936 2
0.626057 0.876863 0.084421 -3
0.506555 0.607685 0.649851 -2
0.625480 0.367844 0.031077 -3
0.713496 0.043839 0.470714 2
0.719123 0.273512 0.027801 1
0.092720 0.139106 0.665098 -1
0.653531 0.978398 0.323878 1
0.131371 0.172531 0.032163 -1
0.823878 0.076155 0.893660 2
0.048437 0.813312 0.195756 -2
0.023083 0.701545 0.002650 -3
0.297670 0.057093 0.121367 1
0.125410 0.723190 0.972155 1
0.244587 0.398906 0.374390 2
0.256797 0.712704 0.271312 3
0.514415 0.129750 0.847963 -2
0.687373 0.538759 0.614085 1
0.224370 0.844056 0.122409 2
0.881152 0.613140 0.940371 -3
0.288163 0.935381 0.638307 2
0.009988 0.102891 0.592868 2
0.095080 0.747877 0.671971 3
0.187342 0.636926 0.566720 1
0.246334 0.707563 0.251307 2
0.864728 0.396242 0.495270 3
0.661327 0.882965 0.456167 -1
0.654901 0.596849 0.072152 3
0.632890 0.046367 0.505611 1
0.106527 0.608678 0.720984 2
0.785780 0.590011 0.989298 -2
0.359899 0.011331 0.818422 1
0.452333 0.542583 0.847004 -1
0.261990 0.326748 0.096710 -2
0.681792 0.212995 0.853238 -2
0.610272 0.911365 0.060995 -1
0.991708 0.397793 0.545664 -2
0.643734 0.485278 0.527888 -1
0.417156 0.186883 0.969443 1
0.801096 0.597892 0.056582 1
0.894724 0.077406 0.782182 3
0.058832 0.761267 0.844577 -2
0.449750 0.554589 0.837581 -1
0.970687 0.017768 0.129787 -2
0.864146 0.678548 0.272364 -2
0.445127 0.111173 0.028681 -2
0.731985 0.724072 0.694288 2
0.884450 0.286640 0.423618 1
0.250578 0.625308 0.637017 1
0.407777 0.935131 0.488550 1
0.917646 0.730457 0.938653 2
0.757701 0.224693 0.689664 2
0.238439 0.290613 0.221445 1
0.496375 0.434016 0.907136 -3
0.593130 0.359773 0.623352 -2
0.341533 0.836317 0.089084 3
0.218713 0.094050 0.867156 -3
0.272067 0.994729 0.151904 2
0.324168 0.893326 0.635393 -2
0.494807 0.163823 0.790923 3
0.333023 0.753108 0.582805 -2
0.616670 0.325280 0.075047 2
0.595322 0.743498 0.576065 2
0.601159 0.697419 0.044799 -3
0.223688 0.613864 0.135619 1
0.270288 0.045013 0.215285 -3
0.011599 0.818306 0.587757 -3
0.546692 0.005617 0.850124 -2
0.000068 0.787318 0.218951 -1
0.820202 0.129124 0.547340 2
0.029453 0.554651 0.133005 1
0.806104 0.236246 0.115937 -2
0.030415 0.574144 0.661970 -1
0.894831 0.061772 0.391914 -2
0.163097 0.502205 0.238418 1
0.411038 0.368618 0.690003 2
0.741909 0.424662 0.244008 3
0.794656 0.847953 0.540017 -1
0.249569 0.783896 0.356034 -2
0.918695 0.266721 0.940260 2
0.427914 0.753275 0.208894 -1
0.624802 0.582199 0.420306 -1
0.735430 0.817978 0.727271 -3
0.813098 0.745185 0.149649 -2
0.772403 0.190687 0.099222 -2
0.901646 0.598236 0.176487 -1
0.636211 0.332848 0.141543 -2
0.799485 0.109987 0.962453 -3
0.771934 0.712226 0.239149 -2
0.759591 0.022549 0.553869 3
0.310736 0.832291 0.761321 2
0.487838 0.472356 0.073156 3
0.234670 0.707247 0.065638 -1
0.787254 0.979556 0.079086 1
0.457900 0.579023 0.812903 -1
0.150078 0.360128 0.835592 3
0.518187 0.163476 0.869417 -2
0.936124 0.739665 0.973664 1
0.926527 0.121404 0.409253 3
0.596889 0.732386 0.535064 2
0.649198 0.116805 0.406295 2
0.006857 0.651849 0.164476 2
0.403966 0.498649 0.666379 -2
0.763240 0.715102 0.567820 -3
0.528772 0.856900 0.866781 -1
0.061879 0.270145 0.921656 -3
0.592652 0.134661 0.071132 2
0.094432 0.769840 0.221987 3
0.242959 0.130597 0.599656 -3
0.513878 0.281542 0.658124 -1
0.777784 0.979595 0.478712 2
0.412985 0.292175 0.784601 3
0.972213 0.600425 0.642316 2
0.689136 0.423284 0.220347 3
0.256120 0.617199 0.637648 -3
0.461912 0.043340 0.877235 -3
0.244314 0.581032 0.738670 2
0.184339 0.473293 0.001338 -2
0.047443 0.250490 0.658723 3
0.886675 0.424486 0.025038 3
0.292721 0.957002 0.111219 -3
0.755708 0.747328 0.589923 -3
0.930889 0.642150 0.966506 1
0.826132 0.794045 0.951051 3
0.617042 0.322350 0.103662 -1
0.694265 0.523279 0.385448 1
0.949746 0.912428 0.377949 -1
0.945488 0.432021 0.206139 -2
0.620651 0.094248 0.152666 2
0.814273 0.819106 0.240614 -3
0.746863 0.973570 0.957842 -3
0.444522 0.863906 0.557103 -3
0.564788 0.239271 0.384212 2
0.214873 0.742451 0.640592 -1
0.804475 0.619878 0.277184 2
0.952527 0.650711 0.476337 -2
0.777574 0.254627 0.810832 3
0.338294 0.074656 0.782879 -1
0.190959 0.644301 0.269786 3
0.685449 0.126098 0.623908 -3
0.192019 0.503359 0.872701 -3
0.475422 0.772066 0.146448 -2
0.657153 0.151980 0.768565 -3
0.714061 0.402407 0.470040 1
0.168415 0.635521 0.912686 2
0.560427 0.315157 0.409446 3
0.218278 0.441760 0.495129 1
0.940745 0.429904 0.862254 2
0.166827 0.545171 0.590779 2
0.593720 0.502151 0.767147 -2
0.172865 0.068104 0.142720 2
0.563232 0.249723 0.738536 3
0.062856 0.908994 0.951712 -1
0.785651 0.877953 0.378343 1
0.159595 0.199948 0.501272 2
0.661386 0.568790 0.104939 -1
0.727241 0.788995 0.029525 2
0.458898 0.437792 0.067219 3
0.176769 0.814991 0.584641 1
0.218904 0.458403 0.854619 -2
0.102291 0.955482 0.141430 -2
0.290746 0.181482 0.469557 3
0.310562 0.988508 0.015403 1
0.321537 0.594696 0.340023 2
0.455773 0.425220 0.086231 2
0.649051 0.834011 0.527828 -3
0.149585 0.481274 0.014127 -2
0.907481 0.240595 0.902360 -1
0.584106 0.983333 0.849323 3
0.011089 0.015119 0.743440 -1
0.516795 0.755365 0.589692 1
0.232281 0.786606 0.031036 -1
0.806513 0.665085 0.673274 2
0.043861 0.209774 0.488937 2
0.442065 0.026466 0.335831 3
0.967463 0.306564 0.632784 -2
0.681693 0.623664 0.289697 1
0.571689 0.704094 0.383321 -1
0.280304 0.274996 0.918100 -3
0.644476 0.752434 0.567823 3
0.630459 0.276519 0.892835 1
0.501195 0.805352 0.518016 -2
0.116320 0.111823 0.464112 -2
0.429892 0.913296 0.131729 2
0.686557 0.918140 0.411077 3
0.884980 0.144312 0.105347 -3
0.233368 0.521194 0.646414 -2
0.771251 0.766551 0.111881 1
0.874006 0.112335 0.897811 -3
0.957626 0.584100 0.693896 -2
0.369726 0.550655 0.832068 2
0.159499 0.501746 0.409219 1
0.866386 0.130992 0.891755 -1
0.250271 0.605698 0.379898 -2
0.932743 0.197528 0.502540 -3
0.228289 0.801227 0.271054 2
0.953488 0.924399 0.475190 -1
0.012931 0.965418 0.685964 -2
0.491979 0.604086 0.110986 -3
0.157537 0.638912 0.048961 -2
0.702302 0.919779 0.708955 -2
0.560634 0.794203 0.748466 3
0.590660 0.197023 0.007832 3
0.457306 0.241041 0.227129 2
0.506696 0.375394 0.504056 3
0.269275 0.610117 0.621986 -2
0.208917 0.567472 0.445216 -3
48 48 48
0.31 10 1 15
