tetragonal
43.410 43.410 27.940
90 90 90
750
0.000000 0.000000 0.000000 4.0
0.000000 0.000000 0.200000 4.0
0.000000 0.000000 0.400000 4.0
0.000000 0.000000 0.600000 4.0
0.000000 0.000000 0.800000 4.0
0.000000 0.200000 0.000000 4.0
0.000000 0.200000 0.200000 4.0
0.000000 0.200000 0.400000 4.0
0.000000 0.200000 0.600000 4.0
0.000000 0.200000 0.800000 4.0
0.000000 0.400000 0.000000 4.0
0.000000 0.400000 0.200000 4.0
0.000000 0.400000 0.400000 4.0
0.000000 0.400000 0.600000 4.0
0.000000 0.400000 0.800000 4.0
0.000000 0.600000 0.000000 4.0
0.000000 0.600000 0.200000 4.0
0.000000 0.600000 0.400000 4.0
0.000000 0.600000 0.600000 4.0
0.000000 0.600000 0.800000 4.0
0.000000 0.800000 0.000000 4.0
0.000000 0.800000 0.200000 4.0
0.000000 0.800000 0.400000 4.0
0.000000 0.800000 0.600000 4.0
0.000000 0.800000 0.800000 4.0
0.200000 0.000000 0.000000 4.0
0.200000 0.000000 0.200000 4.0
0.200000 0.000000 0.400000 4.0
0.200000 0.000000 0.600000 4.0
0.200000 0.000000 0.800000 4.0
0.200000 0.200000 0.000000 4.0
0.200000 0.200000 0.200000 4.0
0.200000 0.200000 0.400000 4.0
0.200000 0.200000 0.600000 4.0
0.200000 0.200000 0.800000 4.0
0.200000 0.400000 0.000000 4.0
0.200000 0.400000 0.200000 4.0
0.200000 0.400000 0.400000 4.0
0.200000 0.400000 0.600000 4.0
0.200000 0.400000 0.800000 4.0
0.200000 0.600000 0.000000 4.0
0.200000 0.600000 0.200000 4.0
0.200000 0.600000 0.400000 4.0
0.200000 0.600000 0.600000 4.0
0.200000 0.600000 0.800000 4.0
0.200000 0.800000 0.000000 4.0
0.200000 0.800000 0.200000 4.0
0.200000 0.800000 0.400000 4.0
0.200000 0.800000 0.600000 4.0
0.200000 0.800000 0.800000 4.0
0.400000 0.000000 0.000000 4.0
0.400000 0.000000 0.200000 4.0
0.400000 0.000000 0.400000 4.0
0.400000 0.000000 0.600000 4.0
0.400000 0.000000 0.800000 4.0
0.400000 0.200000 0.000000 4.0
0.400000 0.200000 0.200000 4.0
0.400000 0.200000 0.400000 4.0
0.400000 0.200000 0.600000 4.0
0.400000 0.200000 0.800000 4.0
0.400000 0.400000 0.000000 4.0
0.400000 0.400000 0.200000 4.0
0.400000 0.400000 0.400000 4.0
0.400000 0.400000 0.600000 4.0
0.400000 0.400000 0.800000 4.0
0.400000 0.600000 0.000000 4.0
0.400000 0.600000 0.200000 4.0
0.400000 0.600000 0.400000 4.0
0.400000 0.600000 0.600000 4.0
0.400000 0.600000 0.800000 4.0
0.400000 0.800000 0.000000 4.0
0.400000 0.800000 0.200000 4.0
0.400000 0.800000 0.400000 4.0
0.400000 0.800000 0.600000 4.0
0.400000 0.800000 0.800000 4.0
0.600000 0.000000 0.000000 4.0
0.600000 0.000000 0.200000 4.0
0.600000 0.000000 0.400000 4.0
0.600000 0.000000 0.600000 4.0
0.600000 0.000000 0.800000 4.0
0.600000 0.200000 0.000000 4.0
0.600000 0.200000 0.200000 4.0
0.600000 0.200000 0.400000 4.0
0.600000 0.200000 0.600000 4.0
0.600000 0.200000 0.800000 4.0
0.600000 0.400000 0.000000 4.0
0.600000 0.400000 0.200000 4.0
0.600000 0.400000 0.400000 4.0
0.600000 0.400000 0.600000 4.0
0.600000 0.400000 0.800000 4.0
0.600000 0.600000 0.000000 4.0
0.600000 0.600000 0.200000 4.0
0.600000 0.600000 0.400000 4.0
0.600000 0.600000 0.600000 4.0
0.600000 0.600000 0.800000 4.0
0.600000 0.800000 0.000000 4.0
0.600000 0.800000 0.200000 4.0
0.600000 0.800000 0.400000 4.0
0.600000 0.800000 0.600000 4.0
0.600000 0.800000 0.800000 4.0
0.800000 0.000000 0.000000 4.0
0.800000 0.000000 0.200000 4.0
0.800000 0.000000 0.400000 4.0
0.800000 0.000000 0.600000 4.0
0.800000 0.000000 0.800000 4.0
0.800000 0.200000 0.000000 4.0
0.800000 0.200000 0.200000 4.0
0.800000 0.200000 0.400000 4.0
0.800000 0.200000 0.600000 4.0
0.800000 0.200000 0.800000 4.0
0.800000 0.400000 0.000000 4.0
0.800000 0.400000 0.200000 4.0
0.800000 0.400000 0.400000 4.0
0.800000 0.400000 0.600000 4.0
0.800000 0.400000 0.800000 4.0
0.800000 0.600000 0.000000 4.0
0.800000 0.600000 0.200000 4.0
0.800000 0.600000 0.400000 4.0
0.800000 0.600000 0.600000 4.0
0.800000 0.600000 0.800000 4.0
0.800000 0.800000 0.000000 4.0
0.800000 0.800000 0.200000 4.0
0.800000 0.800000 0.400000 4.0
0.800000 0.800000 0.600000 4.0
0.800000 0.800000 0.800000 4.0
0.100000 0.100000 0.100000 4.0
0.100000 0.100000 0.300000 4.0
0.100000 0.100000 0.500000 4.0
0.100000 0.100000 0.700000 4.0
0.100000 0.100000 0.900000 4.0
0.100000 0.300000 0.100000 4.0
0.100000 0.300000 0.300000 4.0
0.100000 0.300000 0.500000 4.0
0.100000 0.300000 0.700000 4.0
0.100000 0.300000 0.900000 4.0
0.100000 0.500000 0.100000 4.0
0.100000 0.500000 0.300000 4.0
0.100000 0.500000 0.500000 4.0
0.100000 0.500000 0.700000 4.0
0.100000 0.500000 0.900000 4.0
0.100000 0.700000 0.100000 4.0
0.100000 0.700000 0.300000 4.0
0.100000 0.700000 0.500000 4.0
0.100000 0.700000 0.700000 4.0
0.100000 0.700000 0.900000 4.0
0.100000 0.900000 0.100000 4.0
0.100000 0.900000 0.300000 4.0
0.100000 0.900000 0.500000 4.0
0.100000 0.900000 0.700000 4.0
0.100000 0.900000 0.900000 4.0
0.300000 0.100000 0.100000 4.0
0.300000 0.100000 0.300000 4.0
0.300000 0.100000 0.500000 4.0
0.300000 0.100000 0.700000 4.0
0.300000 0.100000 0.900000 4.0
0.300000 0.300000 0.100000 4.0
0.300000 0.300000 0.300000 4.0
0.300000 0.300000 0.500000 4.0
0.300000 0.300000 0.700000 4.0
0.300000 0.300000 0.900000 4.0
0.300000 0.500000 0.100000 4.0
0.300000 0.500000 0.300000 4.0
0.300000 0.500000 0.500000 4.0
0.300000 0.500000 0.700000 4.0
0.300000 0.500000 0.900000 4.0
0.300000 0.700000 0.100000 4.0
0.300000 0.700000 0.300000 4.0
0.300000 0.700000 0.500000 4.0
0.300000 0.700000 0.700000 4.0
0.300000 0.700000 0.900000 4.0
0.300000 0.900000 0.100000 4.0
0.300000 0.900000 0.300000 4.0
0.300000 0.900000 0.500000 4.0
0.300000 0.900000 0.700000 4.0
0.300000 0.900000 0.900000 4.0
0.500000 0.100000 0.100000 4.0
0.500000 0.100000 0.300000 4.0
0.500000 0.100000 0.500000 4.0
0.500000 0.100000 0.700000 4.0
0.500000 0.100000 0.900000 4.0
0.500000 0.300000 0.100000 4.0
0.500000 0.300000 0.300000 4.0
0.500000 0.300000 0.500000 4.0
0.500000 0.300000 0.700000 4.0
0.500000 0.300000 0.900000 4.0
0.500000 0.500000 0.100000 4.0
0.500000 0.500000 0.300000 4.0
0.500000 0.500000 0.500000 4.0
0.500000 0.500000 0.700000 4.0
0.500000 0.500000 0.900000 4.0
0.500000 0.700000 0.100000 4.0
0.500000 0.700000 0.300000 4.0
0.500000 0.700000 0.500000 4.0
0.500000 0.700000 0.700000 4.0
0.500000 0.700000 0.900000 4.0
0.500000 0.900000 0.100000 4.0
0.500000 0.900000 0.300000 4.0
0.500000 0.900000 0.500000 4.0
0.500000 0.900000 0.700000 4.0
0.500000 0.900000 0.900000 4.0
0.700000 0.100000 0.100000 4.0
0.700000 0.100000 0.300000 4.0
0.700000 0.100000 0.500000 4.0
0.700000 0.100000 0.700000 4.0
0.700000 0.100000 0.900000 4.0
0.700000 0.300000 0.100000 4.0
0.700000 0.300000 0.300000 4.0
0.700000 0.300000 0.500000 4.0
0.700000 0.300000 0.700000 4.0
0.700000 0.300000 0.900000 4.0
0.700000 0.500000 0.100000 4.0
0.700000 0.500000 0.300000 4.0
0.700000 0.500000 0.500000 4.0
0.700000 0.500000 0.700000 4.0
0.700000 0.500000 0.900000 4.0
0.700000 0.700000 0.100000 4.0
0.700000 0.700000 0.300000 4.0
0.700000 0.700000 0.500000 4.0
0.700000 0.700000 0.700000 4.0
0.700000 0.700000 0.900000 4.0
0.700000 0.900000 0.100000 4.0
0.700000 0.900000 0.300000 4.0
0.700000 0.900000 0.500000 4.0
0.700000 0.900000 0.700000 4.0
0.700000 0.900000 0.900000 4.0
0.900000 0.100000 0.100000 4.0
0.900000 0.100000 0.300000 4.0
0.900000 0.100000 0.500000 4.0
0.900000 0.100000 0.700000 4.0
0.900000 0.100000 0.900000 4.0
0.900000 0.300000 0.100000 4.0
0.900000 0.300000 0.300000 4.0
0.900000 0.300000 0.500000 4.0
0.900000 0.300000 0.700000 4.0
0.900000 0.300000 0.900000 4.0
0.900000 0.500000 0.100000 4.0
0.900000 0.500000 0.300000 4.0
0.900000 0.500000 0.500000 4.0
0.900000 0.500000 0.700000 4.0
0.900000 0.500000 0.900000 4.0
0.900000 0.700000 0.100000 4.0
0.900000 0.700000 0.300000 4.0
0.900000 0.700000 0.500000 4.0
0.900000 0.700000 0.700000 4.0
0.900000 0.700000 0.900000 4.0
0.900000 0.900000 0.100000 4.0
0.900000 0.900000 0.300000 4.0
0.900000 0.900000 0.500000 4.0
0.900000 0.900000 0.700000 4.0
0.900000 0.900000 0.900000 4.0
0.060800 0.060800 0.000000 -2.0
0.060800 0.060800 0.200000 -2.0
0.060800 0.060800 0.400000 -2.0
0.060800 0.060800 0.600000 -2.0
0.060800 0.060800 0.800000 -2.0
0.060800 0.260800 0.000000 -2.0
0.060800 0.260800 0.200000 -2.0
0.060800 0.260800 0.400000 -2.0
0.060800 0.260800 0.600000 -2.0
0.060800 0.260800 0.800000 -2.0
0.060800 0.460800 0.000000 -2.0
0.060800 0.460800 0.200000 -2.0
0.060800 0.460800 0.400000 -2.0
0.060800 0.460800 0.600000 -2.0
0.060800 0.460800 0.800000 -2.0
0.060800 0.660800 0.000000 -2.0
0.060800 0.660800 0.200000 -2.0
0.060800 0.660800 0.400000 -2.0
0.060800 0.660800 0.600000 -2.0
0.060800 0.660800 0.800000 -2.0
0.060800 0.860800 0.000000 -2.0
0.060800 0.860800 0.200000 -2.0
0.060800 0.860800 0.400000 -2.0
0.060800 0.860800 0.600000 -2.0
0.060800 0.860800 0.800000 -2.0
0.260800 0.060800 0.000000 -2.0
0.260800 0.060800 0.200000 -2.0
0.260800 0.060800 0.400000 -2.0
0.260800 0.060800 0.600000 -2.0
0.260800 0.060800 0.800000 -2.0
0.260800 0.260800 0.000000 -2.0
0.260800 0.260800 0.200000 -2.0
0.260800 0.260800 0.400000 -2.0
0.260800 0.260800 0.600000 -2.0
0.260800 0.260800 0.800000 -2.0
0.260800 0.460800 0.000000 -2.0
0.260800 0.460800 0.200000 -2.0
0.260800 0.460800 0.400000 -2.0
0.260800 0.460800 0.600000 -2.0
0.260800 0.460800 0.800000 -2.0
0.260800 0.660800 0.000000 -2.0
0.260800 0.660800 0.200000 -2.0
0.260800 0.660800 0.400000 -2.0
0.260800 0.660800 0.600000 -2.0
0.260800 0.660800 0.800000 -2.0
0.260800 0.860800 0.000000 -2.0
0.260800 0.860800 0.200000 -2.0
0.260800 0.860800 0.400000 -2.0
0.260800 0.860800 0.600000 -2.0
0.260800 0.860800 0.800000 -2.0
0.460800 0.060800 0.000000 -2.0
0.460800 0.060800 0.200000 -2.0
0.460800 0.060800 0.400000 -2.0
0.460800 0.060800 0.600000 -2.0
0.460800 0.060800 0.800000 -2.0
0.460800 0.260800 0.000000 -2.0
0.460800 0.260800 0.200000 -2.0
0.460800 0.260800 0.400000 -2.0
0.460800 0.260800 0.600000 -2.0
0.460800 0.260800 0.800000 -2.0
0.460800 0.460800 0.000000 -2.0
0.460800 0.460800 0.200000 -2.0
0.460800 0.460800 0.400000 -2.0
0.460800 0.460800 0.600000 -2.0
0.460800 0.460800 0.800000 -2.0
0.460800 0.660800 0.000000 -2.0
0.460800 0.660800 0.200000 -2.0
0.460800 0.660800 0.400000 -2.0
0.460800 0.660800 0.600000 -2.0
0.460800 0.660800 0.800000 -2.0
0.460800 0.860800 0.000000 -2.0
0.460800 0.860800 0.200000 -2.0
0.460800 0.860800 0.400000 -2.0
0.460800 0.860800 0.600000 -2.0
0.460800 0.860800 0.800000 -2.0
0.660800 0.060800 0.000000 -2.0
0.660800 0.060800 0.200000 -2.0
0.660800 0.060800 0.400000 -2.0
0.660800 0.060800 0.600000 -2.0
0.660800 0.060800 0.800000 -2.0
0.660800 0.260800 0.000000 -2.0
0.660800 0.260800 0.200000 -2.0
0.660800 0.260800 0.400000 -2.0
0.660800 0.260800 0.600000 -2.0
0.660800 0.260800 0.800000 -2.0
0.660800 0.460800 0.000000 -2.0
0.660800 0.460800 0.200000 -2.0
0.660800 0.460800 0.400000 -2.0
0.660800 0.460800 0.600000 -2.0
0.660800 0.460800 0.800000 -2.0
0.660800 0.660800 0.000000 -2.0
0.660800 0.660800 0.200000 -2.0
0.660800 0.660800 0.400000 -2.0
0.660800 0.660800 0.600000 -2.0
0.660800 0.660800 0.800000 -2.0
0.660800 0.860800 0.000000 -2.0
0.660800 0.860800 0.200000 -2.0
0.660800 0.860800 0.400000 -2.0
0.660800 0.860800 0.600000 -2.0
0.660800 0.860800 0.800000 -2.0
0.860800 0.060800 0.000000 -2.0
0.860800 0.060800 0.200000 -2.0
0.860800 0.060800 0.400000 -2.0
0.860800 0.060800 0.600000 -2.0
0.860800 0.060800 0.800000 -2.0
0.860800 0.260800 0.000000 -2.0
0.860800 0.260800 0.200000 -2.0
0.860800 0.260800 0.400000 -2.0
0.860800 0.260800 0.600000 -2.0
0.860800 0.260800 0.800000 -2.0
0.860800 0.460800 0.000000 -2.0
0.860800 0.460800 0.200000 -2.0
0.860800 0.460800 0.400000 -2.0
0.860800 0.460800 0.600000 -2.0
0.860800 0.460800 0.800000 -2.0
0.860800 0.660800 0.000000 -2.0
0.860800 0.660800 0.200000 -2.0
0.860800 0.660800 0.400000 -2.0
0.860800 0.660800 0.600000 -2.0
0.860800 0.660800 0.800000 -2.0
0.860800 0.860800 0.000000 -2.0
0.860800 0.860800 0.200000 -2.0
0.860800 0.860800 0.400000 -2.0
0.860800 0.860800 0.600000 -2.0
0.860800 0.860800 0.800000 -2.0
0.139200 0.139200 0.000000 -2.0
0.139200 0.139200 0.200000 -2.0
0.139200 0.139200 0.400000 -2.0
0.139200 0.139200 0.600000 -2.0
0.139200 0.139200 0.800000 -2.0
0.139200 0.339200 0.000000 -2.0
0.139200 0.339200 0.200000 -2.0
0.139200 0.339200 0.400000 -2.0
0.139200 0.339200 0.600000 -2.0
0.139200 0.339200 0.800000 -2.0
0.139200 0.539200 0.000000 -2.0
0.139200 0.539200 0.200000 -2.0
0.139200 0.539200 0.400000 -2.0
0.139200 0.539200 0.600000 -2.0
0.139200 0.539200 0.800000 -2.0
0.139200 0.739200 0.000000 -2.0
0.139200 0.739200 0.200000 -2.0
0.139200 0.739200 0.400000 -2.0
0.139200 0.739200 0.600000 -2.0
0.139200 0.739200 0.800000 -2.0
0.139200 0.939200 0.000000 -2.0
0.139200 0.939200 0.200000 -2.0
0.139200 0.939200 0.400000 -2.0
0.139200 0.939200 0.600000 -2.0
0.139200 0.939200 0.800000 -2.0
0.339200 0.139200 0.000000 -2.0
0.339200 0.139200 0.200000 -2.0
0.339200 0.139200 0.400000 -2.0
0.339200 0.139200 0.600000 -2.0
0.339200 0.139200 0.800000 -2.0
0.339200 0.339200 0.000000 -2.0
0.339200 0.339200 0.200000 -2.0
0.339200 0.339200 0.400000 -2.0
0.339200 0.339200 0.600000 -2.0
0.339200 0.339200 0.800000 -2.0
0.339200 0.539200 0.000000 -2.0
0.339200 0.539200 0.200000 -2.0
0.339200 0.539200 0.400000 -2.0
0.339200 0.539200 0.600000 -2.0
0.339200 0.539200 0.800000 -2.0
0.339200 0.739200 0.000000 -2.0
0.339200 0.739200 0.200000 -2.0
0.339200 0.739200 0.400000 -2.0
0.339200 0.739200 0.600000 -2.0
0.339200 0.739200 0.800000 -2.0
0.339200 0.939200 0.000000 -2.0
0.339200 0.939200 0.200000 -2.0
0.339200 0.939200 0.400000 -2.0
0.339200 0.939200 0.600000 -2.0
0.339200 0.939200 0.800000 -2.0
0.539200 0.139200 0.000000 -2.0
0.539200 0.139200 0.200000 -2.0
0.539200 0.139200 0.400000 -2.0
0.539200 0.139200 0.600000 -2.0
0.539200 0.139200 0.800000 -2.0
0.539200 0.339200 0.000000 -2.0
0.539200 0.339200 0.200000 -2.0
0.539200 0.339200 0.400000 -2.0
0.539200 0.339200 0.600000 -2.0
0.539200 0.339200 0.800000 -2.0
0.539200 0.539200 0.000000 -2.0
0.539200 0.539200 0.200000 -2.0
0.539200 0.539200 0.400000 -2.0
0.539200 0.539200 0.600000 -2.0
0.539200 0.539200 0.800000 -2.0
0.539200 0.739200 0.000000 -2.0
0.539200 0.739200 0.200000 -2.0
0.539200 0.739200 0.400000 -2.0
0.539200 0.739200 0.600000 -2.0
0.539200 0.739200 0.800000 -2.0
0.539200 0.939200 0.000000 -2.0
0.539200 0.939200 0.200000 -2.0
0.539200 0.939200 0.400000 -2.0
0.539200 0.939200 0.600000 -2.0
0.539200 0.939200 0.800000 -2.0
0.739200 0.139200 0.000000 -2.0
0.739200 0.139200 0.200000 -2.0
0.739200 0.139200 0.400000 -2.0
0.739200 0.139200 0.600000 -2.0
0.739200 0.139200 0.800000 -2.0
0.739200 0.339200 0.000000 -2.0
0.739200 0.339200 0.200000 -2.0
0.739200 0.339200 0.400000 -2.0
0.739200 0.339200 0.600000 -2.0
0.739200 0.339200 0.800000 -2.0
0.739200 0.539200 0.000000 -2.0
0.739200 0.539200 0.200000 -2.0
0.739200 0.539200 0.400000 -2.0
0.739200 0.539200 0.600000 -2.0
0.739200 0.539200 0.800000 -2.0
0.739200 0.739200 0.000000 -2.0
0.739200 0.739200 0.200000 -2.0
0.739200 0.739200 0.400000 -2.0
0.739200 0.739200 0.600000 -2.0
0.739200 0.739200 0.800000 -2.0
0.739200 0.939200 0.000000 -2.0
0.739200 0.939200 0.200000 -2.0
0.739200 0.939200 0.400000 -2.0
0.739200 0.939200 0.600000 -2.0
0.739200 0.939200 0.800000 -2.0
0.939200 0.139200 0.000000 -2.0
0.939200 0.139200 0.200000 -2.0
0.939200 0.139200 0.400000 -2.0
0.939200 0.139200 0.600000 -2.0
0.939200 0.139200 0.800000 -2.0
0.939200 0.339200 0.000000 -2.0
0.939200 0.339200 0.200000 -2.0
0.939200 0.339200 0.400000 -2.0
0.939200 0.339200 0.600000 -2.0
0.939200 0.339200 0.800000 -2.0
0.939200 0.539200 0.000000 -2.0
0.939200 0.539200 0.200000 -2.0
0.939200 0.539200 0.400000 -2.0
0.939200 0.539200 0.600000 -2.0
0.939200 0.539200 0.800000 -2.0
0.939200 0.739200 0.000000 -2.0
0.939200 0.739200 0.200000 -2.0
0.939200 0.739200 0.400000 -2.0
0.939200 0.739200 0.600000 -2.0
0.939200 0.739200 0.800000 -2.0
0.939200 0.939200 0.000000 -2.0
0.939200 0.939200 0.200000 -2.0
0.939200 0.939200 0.400000 -2.0
0.939200 0.939200 0.600000 -2.0
0.939200 0.939200 0.800000 -2.0
0.160800 0.039200 0.100000 -2.0
0.160800 0.039200 0.300000 -2.0
0.160800 0.039200 0.500000 -2.0
0.160800 0.039200 0.700000 -2.0
0.160800 0.039200 0.900000 -2.0
0.160800 0.239200 0.100000 -2.0
0.160800 0.239200 0.300000 -2.0
0.160800 0.239200 0.500000 -2.0
0.160800 0.239200 0.700000 -2.0
0.160800 0.239200 0.900000 -2.0
0.160800 0.439200 0.100000 -2.0
0.160800 0.439200 0.300000 -2.0
0.160800 0.439200 0.500000 -2.0
0.160800 0.439200 0.700000 -2.0
0.160800 0.439200 0.900000 -2.0
0.160800 0.639200 0.100000 -2.0
0.160800 0.639200 0.300000 -2.0
0.160800 0.639200 0.500000 -2.0
0.160800 0.639200 0.700000 -2.0
0.160800 0.639200 0.900000 -2.0
0.160800 0.839200 0.100000 -2.0
0.160800 0.839200 0.300000 -2.0
0.160800 0.839200 0.500000 -2.0
0.160800 0.839200 0.700000 -2.0
0.160800 0.839200 0.900000 -2.0
0.360800 0.039200 0.100000 -2.0
0.360800 0.039200 0.300000 -2.0
0.360800 0.039200 0.500000 -2.0
0.360800 0.039200 0.700000 -2.0
0.360800 0.039200 0.900000 -2.0
0.360800 0.239200 0.100000 -2.0
0.360800 0.239200 0.300000 -2.0
0.360800 0.239200 0.500000 -2.0
0.360800 0.239200 0.700000 -2.0
0.360800 0.239200 0.900000 -2.0
0.360800 0.439200 0.100000 -2.0
0.360800 0.439200 0.300000 -2.0
0.360800 0.439200 0.500000 -2.0
0.360800 0.439200 0.700000 -2.0
0.360800 0.439200 0.900000 -2.0
0.360800 0.639200 0.100000 -2.0
0.360800 0.639200 0.300000 -2.0
0.360800 0.639200 0.500000 -2.0
0.360800 0.639200 0.700000 -2.0
0.360800 0.639200 0.900000 -2.0
0.360800 0.839200 0.100000 -2.0
0.360800 0.839200 0.300000 -2.0
0.360800 0.839200 0.500000 -2.0
0.360800 0.839200 0.700000 -2.0
0.360800 0.839200 0.900000 -2.0
0.560800 0.039200 0.100000 -2.0
0.560800 0.039200 0.300000 -2.0
0.560800 0.039200 0.500000 -2.0
0.560800 0.039200 0.700000 -2.0
0.560800 0.039200 0.900000 -2.0
0.560800 0.239200 0.100000 -2.0
0.560800 0.239200 0.300000 -2.0
0.560800 0.239200 0.500000 -2.0
0.560800 0.239200 0.700000 -2.0
0.560800 0.239200 0.900000 -2.0
0.560800 0.439200 0.100000 -2.0
0.560800 0.439200 0.300000 -2.0
0.560800 0.439200 0.500000 -2.0
0.560800 0.439200 0.700000 -2.0
0.560800 0.439200 0.900000 -2.0
0.560800 0.639200 0.100000 -2.0
0.560800 0.639200 0.300000 -2.0
0.560800 0.639200 0.500000 -2.0
0.560800 0.639200 0.700000 -2.0
0.560800 0.639200 0.900000 -2.0
0.560800 0.839200 0.100000 -2.0
0.560800 0.839200 0.300000 -2.0
0.560800 0.839200 0.500000 -2.0
0.560800 0.839200 0.700000 -2.0
0.560800 0.839200 0.900000 -2.0
0.760800 0.039200 0.100000 -2.0
0.760800 0.039200 0.300000 -2.0
0.760800 0.039200 0.500000 -2.0
0.760800 0.039200 0.700000 -2.0
0.760800 0.039200 0.900000 -2.0
0.760800 0.239200 0.100000 -2.0
0.760800 0.239200 0.300000 -2.0
0.760800 0.239200 0.500000 -2.0
0.760800 0.239200 0.700000 -2.0
0.760800 0.239200 0.900000 -2.0
0.760800 0.439200 0.100000 -2.0
0.760800 0.439200 0.300000 -2.0
0.760800 0.439200 0.500000 -2.0
0.760800 0.439200 0.700000 -2.0
0.760800 0.439200 0.900000 -2.0
0.760800 0.639200 0.100000 -2.0
0.760800 0.639200 0.300000 -2.0
0.760800 0.639200 0.500000 -2.0
0.760800 0.639200 0.700000 -2.0
0.760800 0.639200 0.900000 -2.0
0.760800 0.839200 0.100000 -2.0
0.760800 0.839200 0.300000 -2.0
0.760800 0.839200 0.500000 -2.0
0.760800 0.839200 0.700000 -2.0
0.760800 0.839200 0.900000 -2.0
0.960800 0.039200 0.100000 -2.0
0.960800 0.039200 0.300000 -2.0
0.960800 0.039200 0.500000 -2.0
0.960800 0.039200 0.700000 -2.0
0.960800 0.039200 0.900000 -2.0
0.960800 0.239200 0.100000 -2.0
0.960800 0.239200 0.300000 -2.0
0.960800 0.239200 0.500000 -2.0
0.960800 0.239200 0.700000 -2.0
0.960800 0.239200 0.900000 -2.0
0.960800 0.439200 0.100000 -2.0
0.960800 0.439200 0.300000 -2.0
0.960800 0.439200 0.500000 -2.0
0.960800 0.439200 0.700000 -2.0
0.960800 0.439200 0.900000 -2.0
0.960800 0.639200 0.100000 -2.0
0.960800 0.639200 0.300000 -2.0
0.960800 0.639200 0.500000 -2.0
0.960800 0.639200 0.700000 -2.0
0.960800 0.639200 0.900000 -2.0
0.960800 0.839200 0.100000 -2.0
0.960800 0.839200 0.300000 -2.0
0.960800 0.839200 0.500000 -2.0
0.960800 0.839200 0.700000 -2.0
0.960800 0.839200 0.900000 -2.0
0.039200 0.160800 0.100000 -2.0
0.039200 0.160800 0.300000 -2.0
0.039200 0.160800 0.500000 -2.0
0.039200 0.160800 0.700000 -2.0
0.039200 0.160800 0.900000 -2.0
0.039200 0.360800 0.100000 -2.0
0.039200 0.360800 0.300000 -2.0
0.039200 0.360800 0.500000 -2.0
0.039200 0.360800 0.700000 -2.0
0.039200 0.360800 0.900000 -2.0
0.039200 0.560800 0.100000 -2.0
0.039200 0.560800 0.300000 -2.0
0.039200 0.560800 0.500000 -2.0
0.039200 0.560800 0.700000 -2.0
0.039200 0.560800 0.900000 -2.0
0.039200 0.760800 0.100000 -2.0
0.039200 0.760800 0.300000 -2.0
0.039200 0.760800 0.500000 -2.0
0.039200 0.760800 0.700000 -2.0
0.039200 0.760800 0.900000 -2.0
0.039200 0.960800 0.100000 -2.0
0.039200 0.960800 0.300000 -2.0
0.039200 0.960800 0.500000 -2.0
0.039200 0.960800 0.700000 -2.0
0.039200 0.960800 0.900000 -2.0
0.239200 0.160800 0.100000 -2.0
0.239200 0.160800 0.300000 -2.0
0.239200 0.160800 0.500000 -2.0
0.239200 0.160800 0.700000 -2.0
0.239200 0.160800 0.900000 -2.0
0.239200 0.360800 0.100000 -2.0
0.239200 0.360800 0.300000 -2.0
0.239200 0.360800 0.500000 -2.0
0.239200 0.360800 0.700000 -2.0
0.239200 0.360800 0.900000 -2.0
0.239200 0.560800 0.100000 -2.0
0.239200 0.560800 0.300000 -2.0
0.239200 0.560800 0.500000 -2.0
0.239200 0.560800 0.700000 -2.0
0.239200 0.560800 0.900000 -2.0
0.239200 0.760800 0.100000 -2.0
0.239200 0.760800 0.300000 -2.0
0.239200 0.760800 0.500000 -2.0
0.239200 0.760800 0.700000 -2.0
0.239200 0.760800 0.900000 -2.0
0.239200 0.960800 0.100000 -2.0
0.239200 0.960800 0.300000 -2.0
0.239200 0.960800 0.500000 -2.0
0.239200 0.960800 0.700000 -2.0
0.239200 0.960800 0.900000 -2.0
0.439200 0.160800 0.100000 -2.0
0.439200 0.160800 0.300000 -2.0
0.439200 0.160800 0.500000 -2.0
0.439200 0.160800 0.700000 -2.0
0.439200 0.160800 0.900000 -2.0
0.439200 0.360800 0.100000 -2.0
0.439200 0.360800 0.300000 -2.0
0.439200 0.360800 0.500000 -2.0
0.439200 0.360800 0.700000 -2.0
0.439200 0.360800 0.900000 -2.0
0.439200 0.560800 0.100000 -2.0
0.439200 0.560800 0.300000 -2.0
0.439200 0.560800 0.500000 -2.0
0.439200 0.560800 0.700000 -2.0
0.439200 0.560800 0.900000 -2.0
0.439200 0.760800 0.100000 -2.0
0.439200 0.760800 0.300000 -2.0
0.439200 0.760800 0.500000 -2.0
0.439200 0.760800 0.700000 -2.0
0.439200 0.760800 0.900000 -2.0
0.439200 0.960800 0.100000 -2.0
0.439200 0.960800 0.300000 -2.0
0.439200 0.960800 0.500000 -2.0
0.439200 0.960800 0.700000 -2.0
0.439200 0.960800 0.900000 -2.0
0.639200 0.160800 0.100000 -2.0
0.639200 0.160800 0.300000 -2.0
0.639200 0.160800 0.500000 -2.0
0.639200 0.160800 0.700000 -2.0
0.639200 0.160800 0.900000 -2.0
0.639200 0.360800 0.100000 -2.0
0.639200 0.360800 0.300000 -2.0
0.639200 0.360800 0.500000 -2.0
0.639200 0.360800 0.700000 -2.0
0.639200 0.360800 0.900000 -2.0
0.639200 0.560800 0.100000 -2.0
0.639200 0.560800 0.300000 -2.0
0.639200 0.560800 0.500000 -2.0
0.639200 0.560800 0.700000 -2.0
0.639200 0.560800 0.900000 -2.0
0.639200 0.760800 0.100000 -2.0
0.639200 0.760800 0.300000 -2.0
0.639200 0.760800 0.500000 -2.0
0.639200 0.760800 0.700000 -2.0
0.639200 0.760800 0.900000 -2.0
0.639200 0.960800 0.100000 -2.0
0.639200 0.960800 0.300000 -2.0
0.639200 0.960800 0.500000 -2.0
0.639200 0.960800 0.700000 -2.0
0.639200 0.960800 0.900000 -2.0
0.839200 0.160800 0.100000 -2.0
0.839200 0.160800 0.300000 -2.0
0.839200 0.160800 0.500000 -2.0
0.839200 0.160800 0.700000 -2.0
0.839200 0.160800 0.900000 -2.0
0.839200 0.360800 0.100000 -2.0
0.839200 0.360800 0.300000 -2.0
0.839200 0.360800 0.500000 -2.0
0.839200 0.360800 0.700000 -2.0
0.839200 0.360800 0.900000 -2.0
0.839200 0.560800 0.100000 -2.0
0.839200 0.560800 0.300000 -2.0
0.839200 0.560800 0.500000 -2.0
0.839200 0.560800 0.700000 -2.0
0.839200 0.560800 0.900000 -2.0
0.839200 0.760800 0.100000 -2.0
0.839200 0.760800 0.300000 -2.0
0.839200 0.760800 0.500000 -2.0
0.839200 0.760800 0.700000 -2.0
0.839200 0.760800 0.900000 -2.0
0.839200 0.960800 0.100000 -2.0
0.839200 0.960800 0.300000 -2.0
0.839200 0.960800 0.500000 -2.0
0.839200 0.960800 0.700000 -2.0
0.839200 0.960800 0.900000 -2.0
78 78 50
0.31 10 1 0
