tetragonal
60.774 60.774 39.116
90 90 90
2058
0.000000 0.000000 0.000000 4.0
0.000000 0.000000 0.142857 4.0
0.000000 0.000000 0.285714 4.0
0.000000 0.000000 0.428571 4.0
0.000000 0.000000 0.571429 4.0
0.000000 0.000000 0.714286 4.0
0.000000 0.000000 0.857143 4.0
0.000000 0.142857 0.000000 4.0
0.000000 0.142857 0.142857 4.0
0.000000 0.142857 0.285714 4.0
0.000000 0.142857 0.428571 4.0
0.000000 0.142857 0.571429 4.0
0.000000 0.142857 0.714286 4.0
0.000000 0.142857 0.857143 4.0
0.000000 0.285714 0.000000 4.0
0.000000 0.285714 0.142857 4.0
0.000000 0.285714 0.285714 4.0
0.000000 0.285714 0.428571 4.0
0.000000 0.285714 0.571429 4.0
0.000000 0.285714 0.714286 4.0
0.000000 0.285714 0.857143 4.0
0.000000 0.428571 0.000000 4.0
0.000000 0.428571 0.142857 4.0
0.000000 0.428571 0.285714 4.0
0.000000 0.428571 0.428571 4.0
0.000000 0.428571 0.571429 4.0
0.000000 0.428571 0.714286 4.0
0.000000 0.428571 0.857143 4.0
0.000000 0.571429 0.000000 4.0
0.000000 0.571429 0.142857 4.0
0.000000 0.571429 0.285714 4.0
0.000000 0.571429 0.428571 4.0
0.000000 0.571429 0.571429 4.0
0.000000 0.571429 0.714286 4.0
0.000000 0.571429 0.857143 4.0
0.000000 0.714286 0.000000 4.0
0.000000 0.714286 0.142857 4.0
0.000000 0.714286 0.285714 4.0
0.000000 0.714286 0.428571 4.0
0.000000 0.714286 0.571429 4.0
0.000000 0.714286 0.714286 4.0
0.000000 0.714286 0.857143 4.0
0.000000 0.857143 0.000000 4.0
0.000000 0.857143 0.142857 4.0
0.000000 0.857143 0.285714 4.0
0.000000 0.857143 0.428571 4.0
0.000000 0.857143 0.571429 4.0
0.000000 0.857143 0.714286 4.0
0.000000 0.857143 0.857143 4.0
0.142857 0.000000 0.000000 4.0
0.142857 0.000000 0.142857 4.0
0.142857 0.000000 0.285714 4.0
0.142857 0.000000 0.428571 4.0
0.142857 0.000000 0.571429 4.0
0.142857 0.000000 0.714286 4.0
0.142857 0.000000 0.857143 4.0
0.142857 0.142857 0.000000 4.0
0.142857 0.142857 0.142857 4.0
0.142857 0.142857 0.285714 4.0
0.142857 0.142857 0.428571 4.0
0.142857 0.142857 0.571429 4.0
0.142857 0.142857 0.714286 4.0
0.142857 0.142857 0.857143 4.0
0.142857 0.285714 0.000000 4.0
0.142857 0.285714 0.142857 4.0
0.142857 0.285714 0.285714 4.0
0.142857 0.285714 0.428571 4.0
0.142857 0.285714 0.571429 4.0
0.142857 0.285714 0.714286 4.0
0.142857 0.285714 0.857143 4.0
0.142857 0.428571 0.000000 4.0
0.142857 0.428571 0.142857 4.0
0.142857 0.428571 0.285714 4.0
0.142857 0.428571 0.428571 4.0
0.142857 0.428571 0.571429 4.0
0.142857 0.428571 0.714286 4.0
0.142857 0.428571 0.857143 4.0
0.142857 0.571429 0.000000 4.0
0.142857 0.571429 0.142857 4.0
0.142857 0.571429 0.285714 4.0
0.142857 0.571429 0.428571 4.0
0.142857 0.571429 0.571429 4.0
0.142857 0.571429 0.714286 4.0
0.142857 0.571429 0.857143 4.0
0.142857 0.714286 0.000000 4.0
0.142857 0.714286 0.142857 4.0
0.142857 0.714286 0.285714 4.0
0.142857 0.714286 0.428571 4.0
0.142857 0.714286 0.571429 4.0
0.142857 0.714286 0.714286 4.0
0.142857 0.714286 0.857143 4.0
0.142857 0.857143 0.000000 4.0
0.142857 0.857143 0.142857 4.0
0.142857 0.857143 0.285714 4.0
0.142857 0.857143 0.428571 4.0
0.142857 0.857143 0.571429 4.0
0.142857 0.857143 0.714286 4.0
0.142857 0.857143 0.857143 4.0
0.285714 0.000000 0.000000 4.0
0.285714 0.000000 0.142857 4.0
0.285714 0.000000 0.285714 4.0
0.285714 0.000000 0.428571 4.0
0.285714 0.000000 0.571429 4.0
0.285714 0.000000 0.714286 4.0
0.285714 0.000000 0.857143 4.0
0.285714 0.142857 0.000000 4.0
0.285714 0.142857 0.142857 4.0
0.285714 0.142857 0.285714 4.0
0.285714 0.142857 0.428571 4.0
0.285714 0.142857 0.571429 4.0
0.285714 0.142857 0.714286 4.0
0.285714 0.142857 0.857143 4.0
0.285714 0.285714 0.000000 4.0
0.285714 0.285714 0.142857 4.0
0.285714 0.285714 0.285714 4.0
0.285714 0.285714 0.428571 4.0
0.285714 0.285714 0.571429 4.0
0.285714 0.285714 0.714286 4.0
0.285714 0.285714 0.857143 4.0
0.285714 0.428571 0.000000 4.0
0.285714 0.428571 0.142857 4.0
0.285714 0.428571 0.285714 4.0
0.285714 0.428571 0.428571 4.0
0.285714 0.428571 0.571429 4.0
0.285714 0.428571 0.714286 4.0
0.285714 0.428571 0.857143 4.0
0.285714 0.571429 0.000000 4.0
0.285714 0.571429 0.142857 4.0
0.285714 0.571429 0.285714 4.0
0.285714 0.571429 0.428571 4.0
0.285714 0.571429 0.571429 4.0
0.285714 0.571429 0.714286 4.0
0.285714 0.571429 0.857143 4.0
0.285714 0.714286 0.000000 4.0
0.285714 0.714286 0.142857 4.0
0.285714 0.714286 0.285714 4.0
0.285714 0.714286 0.428571 4.0
0.285714 0.714286 0.571429 4.0
0.285714 0.714286 0.714286 4.0
0.285714 0.714286 0.857143 4.0
0.285714 0.857143 0.000000 4.0
0.285714 0.857143 0.142857 4.0
0.285714 0.857143 0.285714 4.0
0.285714 0.857143 0.428571 4.0
0.285714 0.857143 0.571429 4.0
0.285714 0.857143 0.714286 4.0
0.285714 0.857143 0.857143 4.0
0.428571 0.000000 0.000000 4.0
0.428571 0.000000 0.142857 4.0
0.428571 0.000000 0.285714 4.0
0.428571 0.000000 0.428571 4.0
0.428571 0.000000 0.571429 4.0
0.428571 0.000000 0.714286 4.0
0.428571 0.000000 0.857143 4.0
0.428571 0.142857 0.000000 4.0
0.428571 0.142857 0.142857 4.0
0.428571 0.142857 0.285714 4.0
0.428571 0.142857 0.428571 4.0
0.428571 0.142857 0.571429 4.0
0.428571 0.142857 0.714286 4.0
0.428571 0.142857 0.857143 4.0
0.428571 0.285714 0.000000 4.0
0.428571 0.285714 0.142857 4.0
0.428571 0.285714 0.285714 4.0
0.428571 0.285714 0.428571 4.0
0.428571 0.285714 0.571429 4.0
0.428571 0.285714 0.714286 4.0
0.428571 0.285714 0.857143 4.0
0.428571 0.428571 0.000000 4.0
0.428571 0.428571 0.142857 4.0
0.428571 0.428571 0.285714 4.0
0.428571 0.428571 0.428571 4.0
0.428571 0.428571 0.571429 4.0
0.428571 0.428571 0.714286 4.0
0.428571 0.428571 0.857143 4.0
0.428571 0.571429 0.000000 4.0
0.428571 0.571429 0.142857 4.0
0.428571 0.571429 0.285714 4.0
0.428571 0.571429 0.428571 4.0
0.428571 0.571429 0.571429 4.0
0.428571 0.571429 0.714286 4.0
0.428571 0.571429 0.857143 4.0
0.428571 0.714286 0.000000 4.0
0.428571 0.714286 0.142857 4.0
0.428571 0.714286 0.285714 4.0
0.428571 0.714286 0.428571 4.0
0.428571 0.714286 0.571429 4.0
0.428571 0.714286 0.714286 4.0
0.428571 0.714286 0.857143 4.0
0.428571 0.857143 0.000000 4.0
0.428571 0.857143 0.142857 4.0
0.428571 0.857143 0.285714 4.0
0.428571 0.857143 0.428571 4.0
0.428571 0.857143 0.571429 4.0
0.428571 0.857143 0.714286 4.0
0.428571 0.857143 0.857143 4.0
0.571429 0.000000 0.000000 4.0
0.571429 0.000000 0.142857 4.0
0.571429 0.000000 0.285714 4.0
0.571429 0.000000 0.428571 4.0
0.571429 0.000000 0.571429 4.0
0.571429 0.000000 0.714286 4.0
0.571429 0.000000 0.857143 4.0
0.571429 0.142857 0.000000 4.0
0.571429 0.142857 0.142857 4.0
0.571429 0.142857 0.285714 4.0
0.571429 0.142857 0.428571 4.0
0.571429 0.142857 0.571429 4.0
0.571429 0.142857 0.714286 4.0
0.571429 0.142857 0.857143 4.0
0.571429 0.285714 0.000000 4.0
0.571429 0.285714 0.142857 4.0
0.571429 0.285714 0.285714 4.0
0.571429 0.285714 0.428571 4.0
0.571429 0.285714 0.571429 4.0
0.571429 0.285714 0.714286 4.0
0.571429 0.285714 0.857143 4.0
0.571429 0.428571 0.000000 4.0
0.571429 0.428571 0.142857 4.0
0.571429 0.428571 0.285714 4.0
0.571429 0.428571 0.428571 4.0
0.571429 0.428571 0.571429 4.0
0.571429 0.428571 0.714286 4.0
0.571429 0.428571 0.857143 4.0
0.571429 0.571429 0.000000 4.0
0.571429 0.571429 0.142857 4.0
0.571429 0.571429 0.285714 4.0
0.571429 0.571429 0.428571 4.0
0.571429 0.571429 0.571429 4.0
0.571429 0.571429 0.714286 4.0
0.571429 0.571429 0.857143 4.0
0.571429 0.714286 0.000000 4.0
0.571429 0.714286 0.142857 4.0
0.571429 0.714286 0.285714 4.0
0.571429 0.714286 0.428571 4.0
0.571429 0.714286 0.571429 4.0
0.571429 0.714286 0.714286 4.0
0.571429 0.714286 0.857143 4.0
0.571429 0.857143 0.000000 4.0
0.571429 0.857143 0.142857 4.0
0.571429 0.857143 0.285714 4.0
0.571429 0.857143 0.428571 4.0
0.571429 0.857143 0.571429 4.0
0.571429 0.857143 0.714286 4.0
0.571429 0.857143 0.857143 4.0
0.714286 0.000000 0.000000 4.0
0.714286 0.000000 0.142857 4.0
0.714286 0.000000 0.285714 4.0
0.714286 0.000000 0.428571 4.0
0.714286 0.000000 0.571429 4.0
0.714286 0.000000 0.714286 4.0
0.714286 0.000000 0.857143 4.0
0.714286 0.142857 0.000000 4.0
0.714286 0.142857 0.142857 4.0
0.714286 0.142857 0.285714 4.0
0.714286 0.142857 0.428571 4.0
0.714286 0.142857 0.571429 4.0
0.714286 0.142857 0.714286 4.0
0.714286 0.142857 0.857143 4.0
0.714286 0.285714 0.000000 4.0
0.714286 0.285714 0.142857 4.0
0.714286 0.285714 0.285714 4.0
0.714286 0.285714 0.428571 4.0
0.714286 0.285714 0.571429 4.0
0.714286 0.285714 0.714286 4.0
0.714286 0.285714 0.857143 4.0
0.714286 0.428571 0.000000 4.0
0.714286 0.428571 0.142857 4.0
0.714286 0.428571 0.285714 4.0
0.714286 0.428571 0.428571 4.0
0.714286 0.428571 0.571429 4.0
0.714286 0.428571 0.714286 4.0
0.714286 0.428571 0.857143 4.0
0.714286 0.571429 0.000000 4.0
0.714286 0.571429 0.142857 4.0
0.714286 0.571429 0.285714 4.0
0.714286 0.571429 0.428571 4.0
0.714286 0.571429 0.571429 4.0
0.714286 0.571429 0.714286 4.0
0.714286 0.571429 0.857143 4.0
0.714286 0.714286 0.000000 4.0
0.714286 0.714286 0.142857 4.0
0.714286 0.714286 0.285714 4.0
0.714286 0.714286 0.428571 4.0
0.714286 0.714286 0.571429 4.0
0.714286 0.714286 0.714286 4.0
0.714286 0.714286 0.857143 4.0
0.714286 0.857143 0.000000 4.0
0.714286 0.857143 0.142857 4.0
0.714286 0.857143 0.285714 4.0
0.714286 0.857143 0.428571 4.0
0.714286 0.857143 0.571429 4.0
0.714286 0.857143 0.714286 4.0
0.714286 0.857143 0.857143 4.0
0.857143 0.000000 0.000000 4.0
0.857143 0.000000 0.142857 4.0
0.857143 0.000000 0.285714 4.0
0.857143 0.000000 0.428571 4.0
0.857143 0.000000 0.571429 4.0
0.857143 0.000000 0.714286 4.0
0.857143 0.000000 0.857143 4.0
0.857143 0.142857 0.000000 4.0
0.857143 0.142857 0.142857 4.0
0.857143 0.142857 0.285714 4.0
0.857143 0.142857 0.428571 4.0
0.857143 0.142857 0.571429 4.0
0.857143 0.142857 0.714286 4.0
0.857143 0.142857 0.857143 4.0
0.857143 0.285714 0.000000 4.0
0.857143 0.285714 0.142857 4.0
0.857143 0.285714 0.285714 4.0
0.857143 0.285714 0.428571 4.0
0.857143 0.285714 0.571429 4.0
0.857143 0.285714 0.714286 4.0
0.857143 0.285714 0.857143 4.0
0.857143 0.428571 0.000000 4.0
0.857143 0.428571 0.142857 4.0
0.857143 0.428571 0.285714 4.0
0.857143 0.428571 0.428571 4.0
0.857143 0.428571 0.571429 4.0
0.857143 0.428571 0.714286 4.0
0.857143 0.428571 0.857143 4.0
0.857143 0.571429 0.000000 4.0
0.857143 0.571429 0.142857 4.0
0.857143 0.571429 0.285714 4.0
0.857143 0.571429 0.428571 4.0
0.857143 0.571429 0.571429 4.0
0.857143 0.571429 0.714286 4.0
0.857143 0.571429 0.857143 4.0
0.857143 0.714286 0.000000 4.0
0.857143 0.714286 0.142857 4.0
0.857143 0.714286 0.285714 4.0
0.857143 0.714286 0.428571 4.0
0.857143 0.714286 0.571429 4.0
0.857143 0.714286 0.714286 4.0
0.857143 0.714286 0.857143 4.0
0.857143 0.857143 0.000000 4.0
0.857143 0.857143 0.142857 4.0
0.857143 0.857143 0.285714 4.0
0.857143 0.857143 0.428571 4.0
0.857143 0.857143 0.571429 4.0
0.857143 0.857143 0.714286 4.0
0.857143 0.857143 0.857143 4.0
0.071429 0.071429 0.071429 4.0
0.071429 0.071429 0.214286 4.0
0.071429 0.071429 0.357143 4.0
0.071429 0.071429 0.500000 4.0
0.071429 0.071429 0.642857 4.0
0.071429 0.071429 0.785714 4.0
0.071429 0.071429 0.928571 4.0
0.071429 0.214286 0.071429 4.0
0.071429 0.214286 0.214286 4.0
0.071429 0.214286 0.357143 4.0
0.071429 0.214286 0.500000 4.0
0.071429 0.214286 0.642857 4.0
0.071429 0.214286 0.785714 4.0
0.071429 0.214286 0.928571 4.0
0.071429 0.357143 0.071429 4.0
0.071429 0.357143 0.214286 4.0
0.071429 0.357143 0.357143 4.0
0.071429 0.357143 0.500000 4.0
0.071429 0.357143 0.642857 4.0
0.071429 0.357143 0.785714 4.0
0.071429 0.357143 0.928571 4.0
0.071429 0.500000 0.071429 4.0
0.071429 0.500000 0.214286 4.0
0.071429 0.500000 0.357143 4.0
0.071429 0.500000 0.500000 4.0
0.071429 0.500000 0.642857 4.0
0.071429 0.500000 0.785714 4.0
0.071429 0.500000 0.928571 4.0
0.071429 0.642857 0.071429 4.0
0.071429 0.642857 0.214286 4.0
0.071429 0.642857 0.357143 4.0
0.071429 0.642857 0.500000 4.0
0.071429 0.642857 0.642857 4.0
0.071429 0.642857 0.785714 4.0
0.071429 0.642857 0.928571 4.0
0.071429 0.785714 0.071429 4.0
0.071429 0.785714 0.214286 4.0
0.071429 0.785714 0.357143 4.0
0.071429 0.785714 0.500000 4.0
0.071429 0.785714 0.642857 4.0
0.071429 0.785714 0.785714 4.0
0.071429 0.785714 0.928571 4.0
0.071429 0.928571 0.071429 4.0
0.071429 0.928571 0.214286 4.0
0.071429 0.928571 0.357143 4.0
0.071429 0.928571 0.500000 4.0
0.071429 0.928571 0.642857 4.0
0.071429 0.928571 0.785714 4.0
0.071429 0.928571 0.928571 4.0
0.214286 0.071429 0.071429 4.0
0.214286 0.071429 0.214286 4.0
0.214286 0.071429 0.357143 4.0
0.214286 0.071429 0.500000 4.0
0.214286 0.071429 0.642857 4.0
0.214286 0.071429 0.785714 4.0
0.214286 0.071429 0.928571 4.0
0.214286 0.214286 0.071429 4.0
0.214286 0.214286 0.214286 4.0
0.214286 0.214286 0.357143 4.0
0.214286 0.214286 0.500000 4.0
0.214286 0.214286 0.642857 4.0
0.214286 0.214286 0.785714 4.0
0.214286 0.214286 0.928571 4.0
0.214286 0.357143 0.071429 4.0
0.214286 0.357143 0.214286 4.0
0.214286 0.357143 0.357143 4.0
0.214286 0.357143 0.500000 4.0
0.214286 0.357143 0.642857 4.0
0.214286 0.357143 0.785714 4.0
0.214286 0.357143 0.928571 4.0
0.214286 0.500000 0.071429 4.0
0.214286 0.500000 0.214286 4.0
0.214286 0.500000 0.357143 4.0
0.214286 0.500000 0.500000 4.0
0.214286 0.500000 0.642857 4.0
0.214286 0.500000 0.785714 4.0
0.214286 0.500000 0.928571 4.0
0.214286 0.642857 0.071429 4.0
0.214286 0.642857 0.214286 4.0
0.214286 0.642857 0.357143 4.0
0.214286 0.642857 0.500000 4.0
0.214286 0.642857 0.642857 4.0
0.214286 0.642857 0.785714 4.0
0.214286 0.642857 0.928571 4.0
0.214286 0.785714 0.071429 4.0
0.214286 0.785714 0.214286 4.0
0.214286 0.785714 0.357143 4.0
0.214286 0.785714 0.500000 4.0
0.214286 0.785714 0.642857 4.0
0.214286 0.785714 0.785714 4.0
0.214286 0.785714 0.928571 4.0
0.214286 0.928571 0.071429 4.0
0.214286 0.928571 0.214286 4.0
0.214286 0.928571 0.357143 4.0
0.214286 0.928571 0.500000 4.0
0.214286 0.928571 0.642857 4.0
0.214286 0.928571 0.785714 4.0
0.214286 0.928571 0.928571 4.0
0.357143 0.071429 0.071429 4.0
0.357143 0.071429 0.214286 4.0
0.357143 0.071429 0.357143 4.0
0.357143 0.071429 0.500000 4.0
0.357143 0.071429 0.642857 4.0
0.357143 0.071429 0.785714 4.0
0.357143 0.071429 0.928571 4.0
0.357143 0.214286 0.071429 4.0
0.357143 0.214286 0.214286 4.0
0.357143 0.214286 0.357143 4.0
0.357143 0.214286 0.500000 4.0
0.357143 0.214286 0.642857 4.0
0.357143 0.214286 0.785714 4.0
0.357143 0.214286 0.928571 4.0
0.357143 0.357143 0.071429 4.0
0.357143 0.357143 0.214286 4.0
0.357143 0.357143 0.357143 4.0
0.357143 0.357143 0.500000 4.0
0.357143 0.357143 0.642857 4.0
0.357143 0.357143 0.785714 4.0
0.357143 0.357143 0.928571 4.0
0.357143 0.500000 0.071429 4.0
0.357143 0.500000 0.214286 4.0
0.357143 0.500000 0.357143 4.0
0.357143 0.500000 0.500000 4.0
0.357143 0.500000 0.642857 4.0
0.357143 0.500000 0.785714 4.0
0.357143 0.500000 0.928571 4.0
0.357143 0.642857 0.071429 4.0
0.357143 0.642857 0.214286 4.0
0.357143 0.642857 0.357143 4.0
0.357143 0.642857 0.500000 4.0
0.357143 0.642857 0.642857 4.0
0.357143 0.642857 0.785714 4.0
0.357143 0.642857 0.928571 4.0
0.357143 0.785714 0.071429 4.0
0.357143 0.785714 0.214286 4.0
0.357143 0.785714 0.357143 4.0
0.357143 0.785714 0.500000 4.0
0.357143 0.785714 0.642857 4.0
0.357143 0.785714 0.785714 4.0
0.357143 0.785714 0.928571 4.0
0.357143 0.928571 0.071429 4.0
0.357143 0.928571 0.214286 4.0
0.357143 0.928571 0.357143 4.0
0.357143 0.928571 0.500000 4.0
0.357143 0.928571 0.642857 4.0
0.357143 0.928571 0.785714 4.0
0.357143 0.928571 0.928571 4.0
0.500000 0.071429 0.071429 4.0
0.500000 0.071429 0.214286 4.0
0.500000 0.071429 0.357143 4.0
0.500000 0.071429 0.500000 4.0
0.500000 0.071429 0.642857 4.0
0.500000 0.071429 0.785714 4.0
0.500000 0.071429 0.928571 4.0
0.500000 0.214286 0.071429 4.0
0.500000 0.214286 0.214286 4.0
0.500000 0.214286 0.357143 4.0
0.500000 0.214286 0.500000 4.0
0.500000 0.214286 0.642857 4.0
0.500000 0.214286 0.785714 4.0
0.500000 0.214286 0.928571 4.0
0.500000 0.357143 0.071429 4.0
0.500000 0.357143 0.214286 4.0
0.500000 0.357143 0.357143 4.0
0.500000 0.357143 0.500000 4.0
0.500000 0.357143 0.642857 4.0
0.500000 0.357143 0.785714 4.0
0.500000 0.357143 0.928571 4.0
0.500000 0.500000 0.071429 4.0
0.500000 0.500000 0.214286 4.0
0.500000 0.500000 0.357143 4.0
0.500000 0.500000 0.500000 4.0
0.500000 0.500000 0.642857 4.0
0.500000 0.500000 0.785714 4.0
0.500000 0.500000 0.928571 4.0
0.500000 0.642857 0.071429 4.0
0.500000 0.642857 0.214286 4.0
0.500000 0.642857 0.357143 4.0
0.500000 0.642857 0.500000 4.0
0.500000 0.642857 0.642857 4.0
0.500000 0.642857 0.785714 4.0
0.500000 0.642857 0.928571 4.0
0.500000 0.785714 0.071429 4.0
0.500000 0.785714 0.214286 4.0
0.500000 0.785714 0.357143 4.0
0.500000 0.785714 0.500000 4.0
0.500000 0.785714 0.642857 4.0
0.500000 0.785714 0.785714 4.0
0.500000 0.785714 0.928571 4.0
0.500000 0.928571 0.071429 4.0
0.500000 0.928571 0.214286 4.0
0.500000 0.928571 0.357143 4.0
0.500000 0.928571 0.500000 4.0
0.500000 0.928571 0.642857 4.0
0.500000 0.928571 0.785714 4.0
0.500000 0.928571 0.928571 4.0
0.642857 0.071429 0.071429 4.0
0.642857 0.071429 0.214286 4.0
0.642857 0.071429 0.357143 4.0
0.642857 0.071429 0.500000 4.0
0.642857 0.071429 0.642857 4.0
0.642857 0.071429 0.785714 4.0
0.642857 0.071429 0.928571 4.0
0.642857 0.214286 0.071429 4.0
0.642857 0.214286 0.214286 4.0
0.642857 0.214286 0.357143 4.0
0.642857 0.214286 0.500000 4.0
0.642857 0.214286 0.642857 4.0
0.642857 0.214286 0.785714 4.0
0.642857 0.214286 0.928571 4.0
0.642857 0.357143 0.071429 4.0
0.642857 0.357143 0.214286 4.0
0.642857 0.357143 0.357143 4.0
0.642857 0.357143 0.500000 4.0
0.642857 0.357143 0.642857 4.0
0.642857 0.357143 0.785714 4.0
0.642857 0.357143 0.928571 4.0
0.642857 0.500000 0.071429 4.0
0.642857 0.500000 0.214286 4.0
0.642857 0.500000 0.357143 4.0
0.642857 0.500000 0.500000 4.0
0.642857 0.500000 0.642857 4.0
0.642857 0.500000 0.785714 4.0
0.642857 0.500000 0.928571 4.0
0.642857 0.642857 0.071429 4.0
0.642857 0.642857 0.214286 4.0
0.642857 0.642857 0.357143 4.0
0.642857 0.642857 0.500000 4.0
0.642857 0.642857 0.642857 4.0
0.642857 0.642857 0.785714 4.0
0.642857 0.642857 0.928571 4.0
0.642857 0.785714 0.071429 4.0
0.642857 0.785714 0.214286 4.0
0.642857 0.785714 0.357143 4.0
0.642857 0.785714 0.500000 4.0
0.642857 0.785714 0.642857 4.0
0.642857 0.785714 0.785714 4.0
0.642857 0.785714 0.928571 4.0
0.642857 0.928571 0.071429 4.0
0.642857 0.928571 0.214286 4.0
0.642857 0.928571 0.357143 4.0
0.642857 0.928571 0.500000 4.0
0.642857 0.928571 0.642857 4.0
0.642857 0.928571 0.785714 4.0
0.642857 0.928571 0.928571 4.0
0.785714 0.071429 0.071429 4.0
0.785714 0.071429 0.214286 4.0
0.785714 0.071429 0.357143 4.0
0.785714 0.071429 0.500000 4.0
0.785714 0.071429 0.642857 4.0
0.785714 0.071429 0.785714 4.0
0.785714 0.071429 0.928571 4.0
0.785714 0.214286 0.071429 4.0
0.785714 0.214286 0.214286 4.0
0.785714 0.214286 0.357143 4.0
0.785714 0.214286 0.500000 4.0
0.785714 0.214286 0.642857 4.0
0.785714 0.214286 0.785714 4.0
0.785714 0.214286 0.928571 4.0
0.785714 0.357143 0.071429 4.0
0.785714 0.357143 0.214286 4.0
0.785714 0.357143 0.357143 4.0
0.785714 0.357143 0.500000 4.0
0.785714 0.357143 0.642857 4.0
0.785714 0.357143 0.785714 4.0
0.785714 0.357143 0.928571 4.0
0.785714 0.500000 0.071429 4.0
0.785714 0.500000 0.214286 4.0
0.785714 0.500000 0.357143 4.0
0.785714 0.500000 0.500000 4.0
0.785714 0.500000 0.642857 4.0
0.785714 0.500000 0.785714 4.0
0.785714 0.500000 0.928571 4.0
0.785714 0.642857 0.071429 4.0
0.785714 0.642857 0.214286 4.0
0.785714 0.642857 0.357143 4.0
0.785714 0.642857 0.500000 4.0
0.785714 0.642857 0.642857 4.0
0.785714 0.642857 0.785714 4.0
0.785714 0.642857 0.928571 4.0
0.785714 0.785714 0.071429 4.0
0.785714 0.785714 0.214286 4.0
0.785714 0.785714 0.357143 4.0
0.785714 0.785714 0.500000 4.0
0.785714 0.785714 0.642857 4.0
0.785714 0.785714 0.785714 4.0
0.785714 0.785714 0.928571 4.0
0.785714 0.928571 0.071429 4.0
0.785714 0.928571 0.214286 4.0
0.785714 0.928571 0.357143 4.0
0.785714 0.928571 0.500000 4.0
0.785714 0.928571 0.642857 4.0
0.785714 0.928571 0.785714 4.0
0.785714 0.928571 0.928571 4.0
0.928571 0.071429 0.071429 4.0
0.928571 0.071429 0.214286 4.0
0.928571 0.071429 0.357143 4.0
0.928571 0.071429 0.500000 4.0
0.928571 0.071429 0.642857 4.0
0.928571 0.071429 0.785714 4.0
0.928571 0.071429 0.928571 4.0
0.928571 0.214286 0.071429 4.0
0.928571 0.214286 0.214286 4.0
0.928571 0.214286 0.357143 4.0
0.928571 0.214286 0.500000 4.0
0.928571 0.214286 0.642857 4.0
0.928571 0.214286 0.785714 4.0
0.928571 0.214286 0.928571 4.0
0.928571 0.357143 0.071429 4.0
0.928571 0.357143 0.214286 4.0
0.928571 0.357143 0.357143 4.0
0.928571 0.357143 0.500000 4.0
0.928571 0.357143 0.642857 4.0
0.928571 0.357143 0.785714 4.0
0.928571 0.357143 0.928571 4.0
0.928571 0.500000 0.071429 4.0
0.928571 0.500000 0.214286 4.0
0.928571 0.500000 0.357143 4.0
0.928571 0.500000 0.500000 4.0
0.928571 0.500000 0.642857 4.0
0.928571 0.500000 0.785714 4.0
0.928571 0.500000 0.928571 4.0
0.928571 0.642857 0.071429 4.0
0.928571 0.642857 0.214286 4.0
0.928571 0.642857 0.357143 4.0
0.928571 0.642857 0.500000 4.0
0.928571 0.642857 0.642857 4.0
0.928571 0.642857 0.785714 4.0
0.928571 0.642857 0.928571 4.0
0.928571 0.785714 0.071429 4.0
0.928571 0.785714 0.214286 4.0
0.928571 0.785714 0.357143 4.0
0.928571 0.785714 0.500000 4.0
0.928571 0.785714 0.642857 4.0
0.928571 0.785714 0.785714 4.0
0.928571 0.785714 0.928571 4.0
0.928571 0.928571 0.071429 4.0
0.928571 0.928571 0.214286 4.0
0.928571 0.928571 0.357143 4.0
0.928571 0.928571 0.500000 4.0
0.928571 0.928571 0.642857 4.0
0.928571 0.928571 0.785714 4.0
0.928571 0.928571 0.928571 4.0
0.043429 0.043429 0.000000 -2.0
0.043429 0.043429 0.142857 -2.0
0.043429 0.043429 0.285714 -2.0
0.043429 0.043429 0.428571 -2.0
0.043429 0.043429 0.571429 -2.0
0.043429 0.043429 0.714286 -2.0
0.043429 0.043429 0.857143 -2.0
0.043429 0.186286 0.000000 -2.0
0.043429 0.186286 0.142857 -2.0
0.043429 0.186286 0.285714 -2.0
0.043429 0.186286 0.428571 -2.0
0.043429 0.186286 0.571429 -2.0
0.043429 0.186286 0.714286 -2.0
0.043429 0.186286 0.857143 -2.0
0.043429 0.329143 0.000000 -2.0
0.043429 0.329143 0.142857 -2.0
0.043429 0.329143 0.285714 -2.0
0.043429 0.329143 0.428571 -2.0
0.043429 0.329143 0.571429 -2.0
0.043429 0.329143 0.714286 -2.0
0.043429 0.329143 0.857143 -2.0
0.043429 0.472000 0.000000 -2.0
0.043429 0.472000 0.142857 -2.0
0.043429 0.472000 0.285714 -2.0
0.043429 0.472000 0.428571 -2.0
0.043429 0.472000 0.571429 -2.0
0.043429 0.472000 0.714286 -2.0
0.043429 0.472000 0.857143 -2.0
0.043429 0.614857 0.000000 -2.0
0.043429 0.614857 0.142857 -2.0
0.043429 0.614857 0.285714 -2.0
0.043429 0.614857 0.428571 -2.0
0.043429 0.614857 0.571429 -2.0
0.043429 0.614857 0.714286 -2.0
0.043429 0.614857 0.857143 -2.0
0.043429 0.757714 0.000000 -2.0
0.043429 0.757714 0.142857 -2.0
0.043429 0.757714 0.285714 -2.0
0.043429 0.757714 0.428571 -2.0
0.043429 0.757714 0.571429 -2.0
0.043429 0.757714 0.714286 -2.0
0.043429 0.757714 0.857143 -2.0
0.043429 0.900571 0.000000 -2.0
0.043429 0.900571 0.142857 -2.0
0.043429 0.900571 0.285714 -2.0
0.043429 0.900571 0.428571 -2.0
0.043429 0.900571 0.571429 -2.0
0.043429 0.900571 0.714286 -2.0
0.043429 0.900571 0.857143 -2.0
0.186286 0.043429 0.000000 -2.0
0.186286 0.043429 0.142857 -2.0
0.186286 0.043429 0.285714 -2.0
0.186286 0.043429 0.428571 -2.0
0.186286 0.043429 0.571429 -2.0
0.186286 0.043429 0.714286 -2.0
0.186286 0.043429 0.857143 -2.0
0.186286 0.186286 0.000000 -2.0
0.186286 0.186286 0.142857 -2.0
0.186286 0.186286 0.285714 -2.0
0.186286 0.186286 0.428571 -2.0
0.186286 0.186286 0.571429 -2.0
0.186286 0.186286 0.714286 -2.0
0.186286 0.186286 0.857143 -2.0
0.186286 0.329143 0.000000 -2.0
0.186286 0.329143 0.142857 -2.0
0.186286 0.329143 0.285714 -2.0
0.186286 0.329143 0.428571 -2.0
0.186286 0.329143 0.571429 -2.0
0.186286 0.329143 0.714286 -2.0
0.186286 0.329143 0.857143 -2.0
0.186286 0.472000 0.000000 -2.0
0.186286 0.472000 0.142857 -2.0
0.186286 0.472000 0.285714 -2.0
0.186286 0.472000 0.428571 -2.0
0.186286 0.472000 0.571429 -2.0
0.186286 0.472000 0.714286 -2.0
0.186286 0.472000 0.857143 -2.0
0.186286 0.614857 0.000000 -2.0
0.186286 0.614857 0.142857 -2.0
0.186286 0.614857 0.285714 -2.0
0.186286 0.614857 0.428571 -2.0
0.186286 0.614857 0.571429 -2.0
0.186286 0.614857 0.714286 -2.0
0.186286 0.614857 0.857143 -2.0
0.186286 0.757714 0.000000 -2.0
0.186286 0.757714 0.142857 -2.0
0.186286 0.757714 0.285714 -2.0
0.186286 0.757714 0.428571 -2.0
0.186286 0.757714 0.571429 -2.0
0.186286 0.757714 0.714286 -2.0
0.186286 0.757714 0.857143 -2.0
0.186286 0.900571 0.000000 -2.0
0.186286 0.900571 0.142857 -2.0
0.186286 0.900571 0.285714 -2.0
0.186286 0.900571 0.428571 -2.0
0.186286 0.900571 0.571429 -2.0
0.186286 0.900571 0.714286 -2.0
0.186286 0.900571 0.857143 -2.0
0.329143 0.043429 0.000000 -2.0
0.329143 0.043429 0.142857 -2.0
0.329143 0.043429 0.285714 -2.0
0.329143 0.043429 0.428571 -2.0
0.329143 0.043429 0.571429 -2.0
0.329143 0.043429 0.714286 -2.0
0.329143 0.043429 0.857143 -2.0
0.329143 0.186286 0.000000 -2.0
0.329143 0.186286 0.142857 -2.0
0.329143 0.186286 0.285714 -2.0
0.329143 0.186286 0.428571 -2.0
0.329143 0.186286 0.571429 -2.0
0.329143 0.186286 0.714286 -2.0
0.329143 0.186286 0.857143 -2.0
0.329143 0.329143 0.000000 -2.0
0.329143 0.329143 0.142857 -2.0
0.329143 0.329143 0.285714 -2.0
0.329143 0.329143 0.428571 -2.0
0.329143 0.329143 0.571429 -2.0
0.329143 0.329143 0.714286 -2.0
0.329143 0.329143 0.857143 -2.0
0.329143 0.472000 0.000000 -2.0
0.329143 0.472000 0.142857 -2.0
0.329143 0.472000 0.285714 -2.0
0.329143 0.472000 0.428571 -2.0
0.329143 0.472000 0.571429 -2.0
0.329143 0.472000 0.714286 -2.0
0.329143 0.472000 0.857143 -2.0
0.329143 0.614857 0.000000 -2.0
0.329143 0.614857 0.142857 -2.0
0.329143 0.614857 0.285714 -2.0
0.329143 0.614857 0.428571 -2.0
0.329143 0.614857 0.571429 -2.0
0.329143 0.614857 0.714286 -2.0
0.329143 0.614857 0.857143 -2.0
0.329143 0.757714 0.000000 -2.0
0.329143 0.757714 0.142857 -2.0
0.329143 0.757714 0.285714 -2.0
0.329143 0.757714 0.428571 -2.0
0.329143 0.757714 0.571429 -2.0
0.329143 0.757714 0.714286 -2.0
0.329143 0.757714 0.857143 -2.0
0.329143 0.900571 0.000000 -2.0
0.329143 0.900571 0.142857 -2.0
0.329143 0.900571 0.285714 -2.0
0.329143 0.900571 0.428571 -2.0
0.329143 0.900571 0.571429 -2.0
0.329143 0.900571 0.714286 -2.0
0.329143 0.900571 0.857143 -2.0
0.472000 0.043429 0.000000 -2.0
0.472000 0.043429 0.142857 -2.0
0.472000 0.043429 0.285714 -2.0
0.472000 0.043429 0.428571 -2.0
0.472000 0.043429 0.571429 -2.0
0.472000 0.043429 0.714286 -2.0
0.472000 0.043429 0.857143 -2.0
0.472000 0.186286 0.000000 -2.0
0.472000 0.186286 0.142857 -2.0
0.472000 0.186286 0.285714 -2.0
0.472000 0.186286 0.428571 -2.0
0.472000 0.186286 0.571429 -2.0
0.472000 0.186286 0.714286 -2.0
0.472000 0.186286 0.857143 -2.0
0.472000 0.329143 0.000000 -2.0
0.472000 0.329143 0.142857 -2.0
0.472000 0.329143 0.285714 -2.0
0.472000 0.329143 0.428571 -2.0
0.472000 0.329143 0.571429 -2.0
0.472000 0.329143 0.714286 -2.0
0.472000 0.329143 0.857143 -2.0
0.472000 0.472000 0.000000 -2.0
0.472000 0.472000 0.142857 -2.0
0.472000 0.472000 0.285714 -2.0
0.472000 0.472000 0.428571 -2.0
0.472000 0.472000 0.571429 -2.0
0.472000 0.472000 0.714286 -2.0
0.472000 0.472000 0.857143 -2.0
0.472000 0.614857 0.000000 -2.0
0.472000 0.614857 0.142857 -2.0
0.472000 0.614857 0.285714 -2.0
0.472000 0.614857 0.428571 -2.0
0.472000 0.614857 0.571429 -2.0
0.472000 0.614857 0.714286 -2.0
0.472000 0.614857 0.857143 -2.0
0.472000 0.757714 0.000000 -2.0
0.472000 0.757714 0.142857 -2.0
0.472000 0.757714 0.285714 -2.0
0.472000 0.757714 0.428571 -2.0
0.472000 0.757714 0.571429 -2.0
0.472000 0.757714 0.714286 -2.0
0.472000 0.757714 0.857143 -2.0
0.472000 0.900571 0.000000 -2.0
0.472000 0.900571 0.142857 -2.0
0.472000 0.900571 0.285714 -2.0
0.472000 0.900571 0.428571 -2.0
0.472000 0.900571 0.571429 -2.0
0.472000 0.900571 0.714286 -2.0
0.472000 0.900571 0.857143 -2.0
0.614857 0.043429 0.000000 -2.0
0.614857 0.043429 0.142857 -2.0
0.614857 0.043429 0.285714 -2.0
0.614857 0.043429 0.428571 -2.0
0.614857 0.043429 0.571429 -2.0
0.614857 0.043429 0.714286 -2.0
0.614857 0.043429 0.857143 -2.0
0.614857 0.186286 0.000000 -2.0
0.614857 0.186286 0.142857 -2.0
0.614857 0.186286 0.285714 -2.0
0.614857 0.186286 0.428571 -2.0
0.614857 0.186286 0.571429 -2.0
0.614857 0.186286 0.714286 -2.0
0.614857 0.186286 0.857143 -2.0
0.614857 0.329143 0.000000 -2.0
0.614857 0.329143 0.142857 -2.0
0.614857 0.329143 0.285714 -2.0
0.614857 0.329143 0.428571 -2.0
0.614857 0.329143 0.571429 -2.0
0.614857 0.329143 0.714286 -2.0
0.614857 0.329143 0.857143 -2.0
0.614857 0.472000 0.000000 -2.0
0.614857 0.472000 0.142857 -2.0
0.614857 0.472000 0.285714 -2.0
0.614857 0.472000 0.428571 -2.0
0.614857 0.472000 0.571429 -2.0
0.614857 0.472000 0.714286 -2.0
0.614857 0.472000 0.857143 -2.0
0.614857 0.614857 0.000000 -2.0
0.614857 0.614857 0.142857 -2.0
0.614857 0.614857 0.285714 -2.0
0.614857 0.614857 0.428571 -2.0
0.614857 0.614857 0.571429 -2.0
0.614857 0.614857 0.714286 -2.0
0.614857 0.614857 0.857143 -2.0
0.614857 0.757714 0.000000 -2.0
0.614857 0.757714 0.142857 -2.0
0.614857 0.757714 0.285714 -2.0
0.614857 0.757714 0.428571 -2.0
0.614857 0.757714 0.571429 -2.0
0.614857 0.757714 0.714286 -2.0
0.614857 0.757714 0.857143 -2.0
0.614857 0.900571 0.000000 -2.0
0.614857 0.900571 0.142857 -2.0
0.614857 0.900571 0.285714 -2.0
0.614857 0.900571 0.428571 -2.0
0.614857 0.900571 0.571429 -2.0
0.614857 0.900571 0.714286 -2.0
0.614857 0.900571 0.857143 -2.0
0.757714 0.043429 0.000000 -2.0
0.757714 0.043429 0.142857 -2.0
0.757714 0.043429 0.285714 -2.0
0.757714 0.043429 0.428571 -2.0
0.757714 0.043429 0.571429 -2.0
0.757714 0.043429 0.714286 -2.0
0.757714 0.043429 0.857143 -2.0
0.757714 0.186286 0.000000 -2.0
0.757714 0.186286 0.142857 -2.0
0.757714 0.186286 0.285714 -2.0
0.757714 0.186286 0.428571 -2.0
0.757714 0.186286 0.571429 -2.0
0.757714 0.186286 0.714286 -2.0
0.757714 0.186286 0.857143 -2.0
0.757714 0.329143 0.000000 -2.0
0.757714 0.329143 0.142857 -2.0
0.757714 0.329143 0.285714 -2.0
0.757714 0.329143 0.428571 -2.0
0.757714 0.329143 0.571429 -2.0
0.757714 0.329143 0.714286 -2.0
0.757714 0.329143 0.857143 -2.0
0.757714 0.472000 0.000000 -2.0
0.757714 0.472000 0.142857 -2.0
0.757714 0.472000 0.285714 -2.0
0.757714 0.472000 0.428571 -2.0
0.757714 0.472000 0.571429 -2.0
0.757714 0.472000 0.714286 -2.0
0.757714 0.472000 0.857143 -2.0
0.757714 0.614857 0.000000 -2.0
0.757714 0.614857 0.142857 -2.0
0.757714 0.614857 0.285714 -2.0
0.757714 0.614857 0.428571 -2.0
0.757714 0.614857 0.571429 -2.0
0.757714 0.614857 0.714286 -2.0
0.757714 0.614857 0.857143 -2.0
0.757714 0.757714 0.000000 -2.0
0.757714 0.757714 0.142857 -2.0
0.757714 0.757714 0.285714 -2.0
0.757714 0.757714 0.428571 -2.0
0.757714 0.757714 0.571429 -2.0
0.757714 0.757714 0.714286 -2.0
0.757714 0.757714 0.857143 -2.0
0.757714 0.900571 0.000000 -2.0
0.757714 0.900571 0.142857 -2.0
0.757714 0.900571 0.285714 -2.0
0.757714 0.900571 0.428571 -2.0
0.757714 0.900571 0.571429 -2.0
0.757714 0.900571 0.714286 -2.0
0.757714 0.900571 0.857143 -2.0
0.900571 0.043429 0.000000 -2.0
0.900571 0.043429 0.142857 -2.0
0.900571 0.043429 0.285714 -2.0
0.900571 0.043429 0.428571 -2.0
0.900571 0.043429 0.571429 -2.0
0.900571 0.043429 0.714286 -2.0
0.900571 0.043429 0.857143 -2.0
0.900571 0.186286 0.000000 -2.0
0.900571 0.186286 0.142857 -2.0
0.900571 0.186286 0.285714 -2.0
0.900571 0.186286 0.428571 -2.0
0.900571 0.186286 0.571429 -2.0
0.900571 0.186286 0.714286 -2.0
0.900571 0.186286 0.857143 -2.0
0.900571 0.329143 0.000000 -2.0
0.900571 0.329143 0.142857 -2.0
0.900571 0.329143 0.285714 -2.0
0.900571 0.329143 0.428571 -2.0
0.900571 0.329143 0.571429 -2.0
0.900571 0.329143 0.714286 -2.0
0.900571 0.329143 0.857143 -2.0
0.900571 0.472000 0.000000 -2.0
0.900571 0.472000 0.142857 -2.0
0.900571 0.472000 0.285714 -2.0
0.900571 0.472000 0.428571 -2.0
0.900571 0.472000 0.571429 -2.0
0.900571 0.472000 0.714286 -2.0
0.900571 0.472000 0.857143 -2.0
0.900571 0.614857 0.000000 -2.0
0.900571 0.614857 0.142857 -2.0
0.900571 0.614857 0.285714 -2.0
0.900571 0.614857 0.428571 -2.0
0.900571 0.614857 0.571429 -2.0
0.900571 0.614857 0.714286 -2.0
0.900571 0.614857 0.857143 -2.0
0.900571 0.757714 0.000000 -2.0
0.900571 0.757714 0.142857 -2.0
0.900571 0.757714 0.285714 -2.0
0.900571 0.757714 0.428571 -2.0
0.900571 0.757714 0.571429 -2.0
0.900571 0.757714 0.714286 -2.0
0.900571 0.757714 0.857143 -2.0
0.900571 0.900571 0.000000 -2.0
0.900571 0.900571 0.142857 -2.0
0.900571 0.900571 0.285714 -2.0
0.900571 0.900571 0.428571 -2.0
0.900571 0.900571 0.571429 -2.0
0.900571 0.900571 0.714286 -2.0
0.900571 0.900571 0.857143 -2.0
0.099429 0.099429 0.000000 -2.0
0.099429 0.099429 0.142857 -2.0
0.099429 0.099429 0.285714 -2.0
0.099429 0.099429 0.428571 -2.0
0.099429 0.099429 0.571429 -2.0
0.099429 0.099429 0.714286 -2.0
0.099429 0.099429 0.857143 -2.0
0.099429 0.242286 0.000000 -2.0
0.099429 0.242286 0.142857 -2.0
0.099429 0.242286 0.285714 -2.0
0.099429 0.242286 0.428571 -2.0
0.099429 0.242286 0.571429 -2.0
0.099429 0.242286 0.714286 -2.0
0.099429 0.242286 0.857143 -2.0
0.099429 0.385143 0.000000 -2.0
0.099429 0.385143 0.142857 -2.0
0.099429 0.385143 0.285714 -2.0
0.099429 0.385143 0.428571 -2.0
0.099429 0.385143 0.571429 -2.0
0.099429 0.385143 0.714286 -2.0
0.099429 0.385143 0.857143 -2.0
0.099429 0.528000 0.000000 -2.0
0.099429 0.528000 0.142857 -2.0
0.099429 0.528000 0.285714 -2.0
0.099429 0.528000 0.428571 -2.0
0.099429 0.528000 0.571429 -2.0
0.099429 0.528000 0.714286 -2.0
0.099429 0.528000 0.857143 -2.0
0.099429 0.670857 0.000000 -2.0
0.099429 0.670857 0.142857 -2.0
0.099429 0.670857 0.285714 -2.0
0.099429 0.670857 0.428571 -2.0
0.099429 0.670857 0.571429 -2.0
0.099429 0.670857 0.714286 -2.0
0.099429 0.670857 0.857143 -2.0
0.099429 0.813714 0.000000 -2.0
0.099429 0.813714 0.142857 -2.0
0.099429 0.813714 0.285714 -2.0
0.099429 0.813714 0.428571 -2.0
0.099429 0.813714 0.571429 -2.0
0.099429 0.813714 0.714286 -2.0
0.099429 0.813714 0.857143 -2.0
0.099429 0.956571 0.000000 -2.0
0.099429 0.956571 0.142857 -2.0
0.099429 0.956571 0.285714 -2.0
0.099429 0.956571 0.428571 -2.0
0.099429 0.956571 0.571429 -2.0
0.099429 0.956571 0.714286 -2.0
0.099429 0.956571 0.857143 -2.0
0.242286 0.099429 0.000000 -2.0
0.242286 0.099429 0.142857 -2.0
0.242286 0.099429 0.285714 -2.0
0.242286 0.099429 0.428571 -2.0
0.242286 0.099429 0.571429 -2.0
0.242286 0.099429 0.714286 -2.0
0.242286 0.099429 0.857143 -2.0
0.242286 0.242286 0.000000 -2.0
0.242286 0.242286 0.142857 -2.0
0.242286 0.242286 0.285714 -2.0
0.242286 0.242286 0.428571 -2.0
0.242286 0.242286 0.571429 -2.0
0.242286 0.242286 0.714286 -2.0
0.242286 0.242286 0.857143 -2.0
0.242286 0.385143 0.000000 -2.0
0.242286 0.385143 0.142857 -2.0
0.242286 0.385143 0.285714 -2.0
0.242286 0.385143 0.428571 -2.0
0.242286 0.385143 0.571429 -2.0
0.242286 0.385143 0.714286 -2.0
0.242286 0.385143 0.857143 -2.0
0.242286 0.528000 0.000000 -2.0
0.242286 0.528000 0.142857 -2.0
0.242286 0.528000 0.285714 -2.0
0.242286 0.528000 0.428571 -2.0
0.242286 0.528000 0.571429 -2.0
0.242286 0.528000 0.714286 -2.0
0.242286 0.528000 0.857143 -2.0
0.242286 0.670857 0.000000 -2.0
0.242286 0.670857 0.142857 -2.0
0.242286 0.670857 0.285714 -2.0
0.242286 0.670857 0.428571 -2.0
0.242286 0.670857 0.571429 -2.0
0.242286 0.670857 0.714286 -2.0
0.242286 0.670857 0.857143 -2.0
0.242286 0.813714 0.000000 -2.0
0.242286 0.813714 0.142857 -2.0
0.242286 0.813714 0.285714 -2.0
0.242286 0.813714 0.428571 -2.0
0.242286 0.813714 0.571429 -2.0
0.242286 0.813714 0.714286 -2.0
0.242286 0.813714 0.857143 -2.0
0.242286 0.956571 0.000000 -2.0
0.242286 0.956571 0.142857 -2.0
0.242286 0.956571 0.285714 -2.0
0.242286 0.956571 0.428571 -2.0
0.242286 0.956571 0.571429 -2.0
0.242286 0.956571 0.714286 -2.0
0.242286 0.956571 0.857143 -2.0
0.385143 0.099429 0.000000 -2.0
0.385143 0.099429 0.142857 -2.0
0.385143 0.099429 0.285714 -2.0
0.385143 0.099429 0.428571 -2.0
0.385143 0.099429 0.571429 -2.0
0.385143 0.099429 0.714286 -2.0
0.385143 0.099429 0.857143 -2.0
0.385143 0.242286 0.000000 -2.0
0.385143 0.242286 0.142857 -2.0
0.385143 0.242286 0.285714 -2.0
0.385143 0.242286 0.428571 -2.0
0.385143 0.242286 0.571429 -2.0
0.385143 0.242286 0.714286 -2.0
0.385143 0.242286 0.857143 -2.0
0.385143 0.385143 0.000000 -2.0
0.385143 0.385143 0.142857 -2.0
0.385143 0.385143 0.285714 -2.0
0.385143 0.385143 0.428571 -2.0
0.385143 0.385143 0.571429 -2.0
0.385143 0.385143 0.714286 -2.0
0.385143 0.385143 0.857143 -2.0
0.385143 0.528000 0.000000 -2.0
0.385143 0.528000 0.142857 -2.0
0.385143 0.528000 0.285714 -2.0
0.385143 0.528000 0.428571 -2.0
0.385143 0.528000 0.571429 -2.0
0.385143 0.528000 0.714286 -2.0
0.385143 0.528000 0.857143 -2.0
0.385143 0.670857 0.000000 -2.0
0.385143 0.670857 0.142857 -2.0
0.385143 0.670857 0.285714 -2.0
0.385143 0.670857 0.428571 -2.0
0.385143 0.670857 0.571429 -2.0
0.385143 0.670857 0.714286 -2.0
0.385143 0.670857 0.857143 -2.0
0.385143 0.813714 0.000000 -2.0
0.385143 0.813714 0.142857 -2.0
0.385143 0.813714 0.285714 -2.0
0.385143 0.813714 0.428571 -2.0
0.385143 0.813714 0.571429 -2.0
0.385143 0.813714 0.714286 -2.0
0.385143 0.813714 0.857143 -2.0
0.385143 0.956571 0.000000 -2.0
0.385143 0.956571 0.142857 -2.0
0.385143 0.956571 0.285714 -2.0
0.385143 0.956571 0.428571 -2.0
0.385143 0.956571 0.571429 -2.0
0.385143 0.956571 0.714286 -2.0
0.385143 0.956571 0.857143 -2.0
0.528000 0.099429 0.000000 -2.0
0.528000 0.099429 0.142857 -2.0
0.528000 0.099429 0.285714 -2.0
0.528000 0.099429 0.428571 -2.0
0.528000 0.099429 0.571429 -2.0
0.528000 0.099429 0.714286 -2.0
0.528000 0.099429 0.857143 -2.0
0.528000 0.242286 0.000000 -2.0
0.528000 0.242286 0.142857 -2.0
0.528000 0.242286 0.285714 -2.0
0.528000 0.242286 0.428571 -2.0
0.528000 0.242286 0.571429 -2.0
0.528000 0.242286 0.714286 -2.0
0.528000 0.242286 0.857143 -2.0
0.528000 0.385143 0.000000 -2.0
0.528000 0.385143 0.142857 -2.0
0.528000 0.385143 0.285714 -2.0
0.528000 0.385143 0.428571 -2.0
0.528000 0.385143 0.571429 -2.0
0.528000 0.385143 0.714286 -2.0
0.528000 0.385143 0.857143 -2.0
0.528000 0.528000 0.000000 -2.0
0.528000 0.528000 0.142857 -2.0
0.528000 0.528000 0.285714 -2.0
0.528000 0.528000 0.428571 -2.0
0.528000 0.528000 0.571429 -2.0
0.528000 0.528000 0.714286 -2.0
0.528000 0.528000 0.857143 -2.0
0.528000 0.670857 0.000000 -2.0
0.528000 0.670857 0.142857 -2.0
0.528000 0.670857 0.285714 -2.0
0.528000 0.670857 0.428571 -2.0
0.528000 0.670857 0.571429 -2.0
0.528000 0.670857 0.714286 -2.0
0.528000 0.670857 0.857143 -2.0
0.528000 0.813714 0.000000 -2.0
0.528000 0.813714 0.142857 -2.0
0.528000 0.813714 0.285714 -2.0
0.528000 0.813714 0.428571 -2.0
0.528000 0.813714 0.571429 -2.0
0.528000 0.813714 0.714286 -2.0
0.528000 0.813714 0.857143 -2.0
0.528000 0.956571 0.000000 -2.0
0.528000 0.956571 0.142857 -2.0
0.528000 0.956571 0.285714 -2.0
0.528000 0.956571 0.428571 -2.0
0.528000 0.956571 0.571429 -2.0
0.528000 0.956571 0.714286 -2.0
0.528000 0.956571 0.857143 -2.0
0.670857 0.099429 0.000000 -2.0
0.670857 0.099429 0.142857 -2.0
0.670857 0.099429 0.285714 -2.0
0.670857 0.099429 0.428571 -2.0
0.670857 0.099429 0.571429 -2.0
0.670857 0.099429 0.714286 -2.0
0.670857 0.099429 0.857143 -2.0
0.670857 0.242286 0.000000 -2.0
0.670857 0.242286 0.142857 -2.0
0.670857 0.242286 0.285714 -2.0
0.670857 0.242286 0.428571 -2.0
0.670857 0.242286 0.571429 -2.0
0.670857 0.242286 0.714286 -2.0
0.670857 0.242286 0.857143 -2.0
0.670857 0.385143 0.000000 -2.0
0.670857 0.385143 0.142857 -2.0
0.670857 0.385143 0.285714 -2.0
0.670857 0.385143 0.428571 -2.0
0.670857 0.385143 0.571429 -2.0
0.670857 0.385143 0.714286 -2.0
0.670857 0.385143 0.857143 -2.0
0.670857 0.528000 0.000000 -2.0
0.670857 0.528000 0.142857 -2.0
0.670857 0.528000 0.285714 -2.0
0.670857 0.528000 0.428571 -2.0
0.670857 0.528000 0.571429 -2.0
0.670857 0.528000 0.714286 -2.0
0.670857 0.528000 0.857143 -2.0
0.670857 0.670857 0.000000 -2.0
0.670857 0.670857 0.142857 -2.0
0.670857 0.670857 0.285714 -2.0
0.670857 0.670857 0.428571 -2.0
0.670857 0.670857 0.571429 -2.0
0.670857 0.670857 0.714286 -2.0
0.670857 0.670857 0.857143 -2.0
0.670857 0.813714 0.000000 -2.0
0.670857 0.813714 0.142857 -2.0
0.670857 0.813714 0.285714 -2.0
0.670857 0.813714 0.428571 -2.0
0.670857 0.813714 0.571429 -2.0
0.670857 0.813714 0.714286 -2.0
0.670857 0.813714 0.857143 -2.0
0.670857 0.956571 0.000000 -2.0
0.670857 0.956571 0.142857 -2.0
0.670857 0.956571 0.285714 -2.0
0.670857 0.956571 0.428571 -2.0
0.670857 0.956571 0.571429 -2.0
0.670857 0.956571 0.714286 -2.0
0.670857 0.956571 0.857143 -2.0
0.813714 0.099429 0.000000 -2.0
0.813714 0.099429 0.142857 -2.0
0.813714 0.099429 0.285714 -2.0
0.813714 0.099429 0.428571 -2.0
0.813714 0.099429 0.571429 -2.0
0.813714 0.099429 0.714286 -2.0
0.813714 0.099429 0.857143 -2.0
0.813714 0.242286 0.000000 -2.0
0.813714 0.242286 0.142857 -2.0
0.813714 0.242286 0.285714 -2.0
0.813714 0.242286 0.428571 -2.0
0.813714 0.242286 0.571429 -2.0
0.813714 0.242286 0.714286 -2.0
0.813714 0.242286 0.857143 -2.0
0.813714 0.385143 0.000000 -2.0
0.813714 0.385143 0.142857 -2.0
0.813714 0.385143 0.285714 -2.0
0.813714 0.385143 0.428571 -2.0
0.813714 0.385143 0.571429 -2.0
0.813714 0.385143 0.714286 -2.0
0.813714 0.385143 0.857143 -2.0
0.813714 0.528000 0.000000 -2.0
0.813714 0.528000 0.142857 -2.0
0.813714 0.528000 0.285714 -2.0
0.813714 0.528000 0.428571 -2.0
0.813714 0.528000 0.571429 -2.0
0.813714 0.528000 0.714286 -2.0
0.813714 0.528000 0.857143 -2.0
0.813714 0.670857 0.000000 -2.0
0.813714 0.670857 0.142857 -2.0
0.813714 0.670857 0.285714 -2.0
0.813714 0.670857 0.428571 -2.0
0.813714 0.670857 0.571429 -2.0
0.813714 0.670857 0.714286 -2.0
0.813714 0.670857 0.857143 -2.0
0.813714 0.813714 0.000000 -2.0
0.813714 0.813714 0.142857 -2.0
0.813714 0.813714 0.285714 -2.0
0.813714 0.813714 0.428571 -2.0
0.813714 0.813714 0.571429 -2.0
0.813714 0.813714 0.714286 -2.0
0.813714 0.813714 0.857143 -2.0
0.813714 0.956571 0.000000 -2.0
0.813714 0.956571 0.142857 -2.0
0.813714 0.956571 0.285714 -2.0
0.813714 0.956571 0.428571 -2.0
0.813714 0.956571 0.571429 -2.0
0.813714 0.956571 0.714286 -2.0
0.813714 0.956571 0.857143 -2.0
0.956571 0.099429 0.000000 -2.0
0.956571 0.099429 0.142857 -2.0
0.956571 0.099429 0.285714 -2.0
0.956571 0.099429 0.428571 -2.0
0.956571 0.099429 0.571429 -2.0
0.956571 0.099429 0.714286 -2.0
0.956571 0.099429 0.857143 -2.0
0.956571 0.242286 0.000000 -2.0
0.956571 0.242286 0.142857 -2.0
0.956571 0.242286 0.285714 -2.0
0.956571 0.242286 0.428571 -2.0
0.956571 0.242286 0.571429 -2.0
0.956571 0.242286 0.714286 -2.0
0.956571 0.242286 0.857143 -2.0
0.956571 0.385143 0.000000 -2.0
0.956571 0.385143 0.142857 -2.0
0.956571 0.385143 0.285714 -2.0
0.956571 0.385143 0.428571 -2.0
0.956571 0.385143 0.571429 -2.0
0.956571 0.385143 0.714286 -2.0
0.956571 0.385143 0.857143 -2.0
0.956571 0.528000 0.000000 -2.0
0.956571 0.528000 0.142857 -2.0
0.956571 0.528000 0.285714 -2.0
0.956571 0.528000 0.428571 -2.0
0.956571 0.528000 0.571429 -2.0
0.956571 0.528000 0.714286 -2.0
0.956571 0.528000 0.857143 -2.0
0.956571 0.670857 0.000000 -2.0
0.956571 0.670857 0.142857 -2.0
0.956571 0.670857 0.285714 -2.0
0.956571 0.670857 0.428571 -2.0
0.956571 0.670857 0.571429 -2.0
0.956571 0.670857 0.714286 -2.0
0.956571 0.670857 0.857143 -2.0
0.956571 0.813714 0.000000 -2.0
0.956571 0.813714 0.142857 -2.0
0.956571 0.813714 0.285714 -2.0
0.956571 0.813714 0.428571 -2.0
0.956571 0.813714 0.571429 -2.0
0.956571 0.813714 0.714286 -2.0
0.956571 0.813714 0.857143 -2.0
0.956571 0.956571 0.000000 -2.0
0.956571 0.956571 0.142857 -2.0
0.956571 0.956571 0.285714 -2.0
0.956571 0.956571 0.428571 -2.0
0.956571 0.956571 0.571429 -2.0
0.956571 0.956571 0.714286 -2.0
0.956571 0.956571 0.857143 -2.0
0.114857 0.028000 0.071429 -2.0
0.114857 0.028000 0.214286 -2.0
0.114857 0.028000 0.357143 -2.0
0.114857 0.028000 0.500000 -2.0
0.114857 0.028000 0.642857 -2.0
0.114857 0.028000 0.785714 -2.0
0.114857 0.028000 0.928571 -2.0
0.114857 0.170857 0.071429 -2.0
0.114857 0.170857 0.214286 -2.0
0.114857 0.170857 0.357143 -2.0
0.114857 0.170857 0.500000 -2.0
0.114857 0.170857 0.642857 -2.0
0.114857 0.170857 0.785714 -2.0
0.114857 0.170857 0.928571 -2.0
0.114857 0.313714 0.071429 -2.0
0.114857 0.313714 0.214286 -2.0
0.114857 0.313714 0.357143 -2.0
0.114857 0.313714 0.500000 -2.0
0.114857 0.313714 0.642857 -2.0
0.114857 0.313714 0.785714 -2.0
0.114857 0.313714 0.928571 -2.0
0.114857 0.456571 0.071429 -2.0
0.114857 0.456571 0.214286 -2.0
0.114857 0.456571 0.357143 -2.0
0.114857 0.456571 0.500000 -2.0
0.114857 0.456571 0.642857 -2.0
0.114857 0.456571 0.785714 -2.0
0.114857 0.456571 0.928571 -2.0
0.114857 0.599429 0.071429 -2.0
0.114857 0.599429 0.214286 -2.0
0.114857 0.599429 0.357143 -2.0
0.114857 0.599429 0.500000 -2.0
0.114857 0.599429 0.642857 -2.0
0.114857 0.599429 0.785714 -2.0
0.114857 0.599429 0.928571 -2.0
0.114857 0.742286 0.071429 -2.0
0.114857 0.742286 0.214286 -2.0
0.114857 0.742286 0.357143 -2.0
0.114857 0.742286 0.500000 -2.0
0.114857 0.742286 0.642857 -2.0
0.114857 0.742286 0.785714 -2.0
0.114857 0.742286 0.928571 -2.0
0.114857 0.885143 0.071429 -2.0
0.114857 0.885143 0.214286 -2.0
0.114857 0.885143 0.357143 -2.0
0.114857 0.885143 0.500000 -2.0
0.114857 0.885143 0.642857 -2.0
0.114857 0.885143 0.785714 -2.0
0.114857 0.885143 0.928571 -2.0
0.257714 0.028000 0.071429 -2.0
0.257714 0.028000 0.214286 -2.0
0.257714 0.028000 0.357143 -2.0
0.257714 0.028000 0.500000 -2.0
0.257714 0.028000 0.642857 -2.0
0.257714 0.028000 0.785714 -2.0
0.257714 0.028000 0.928571 -2.0
0.257714 0.170857 0.071429 -2.0
0.257714 0.170857 0.214286 -2.0
0.257714 0.170857 0.357143 -2.0
0.257714 0.170857 0.500000 -2.0
0.257714 0.170857 0.642857 -2.0
0.257714 0.170857 0.785714 -2.0
0.257714 0.170857 0.928571 -2.0
0.257714 0.313714 0.071429 -2.0
0.257714 0.313714 0.214286 -2.0
0.257714 0.313714 0.357143 -2.0
0.257714 0.313714 0.500000 -2.0
0.257714 0.313714 0.642857 -2.0
0.257714 0.313714 0.785714 -2.0
0.257714 0.313714 0.928571 -2.0
0.257714 0.456571 0.071429 -2.0
0.257714 0.456571 0.214286 -2.0
0.257714 0.456571 0.357143 -2.0
0.257714 0.456571 0.500000 -2.0
0.257714 0.456571 0.642857 -2.0
0.257714 0.456571 0.785714 -2.0
0.257714 0.456571 0.928571 -2.0
0.257714 0.599429 0.071429 -2.0
0.257714 0.599429 0.214286 -2.0
0.257714 0.599429 0.357143 -2.0
0.257714 0.599429 0.500000 -2.0
0.257714 0.599429 0.642857 -2.0
0.257714 0.599429 0.785714 -2.0
0.257714 0.599429 0.928571 -2.0
0.257714 0.742286 0.071429 -2.0
0.257714 0.742286 0.214286 -2.0
0.257714 0.742286 0.357143 -2.0
0.257714 0.742286 0.500000 -2.0
0.257714 0.742286 0.642857 -2.0
0.257714 0.742286 0.785714 -2.0
0.257714 0.742286 0.928571 -2.0
0.257714 0.885143 0.071429 -2.0
0.257714 0.885143 0.214286 -2.0
0.257714 0.885143 0.357143 -2.0
0.257714 0.885143 0.500000 -2.0
0.257714 0.885143 0.642857 -2.0
0.257714 0.885143 0.785714 -2.0
0.257714 0.885143 0.928571 -2.0
0.400571 0.028000 0.071429 -2.0
0.400571 0.028000 0.214286 -2.0
0.400571 0.028000 0.357143 -2.0
0.400571 0.028000 0.500000 -2.0
0.400571 0.028000 0.642857 -2.0
0.400571 0.028000 0.785714 -2.0
0.400571 0.028000 0.928571 -2.0
0.400571 0.170857 0.071429 -2.0
0.400571 0.170857 0.214286 -2.0
0.400571 0.170857 0.357143 -2.0
0.400571 0.170857 0.500000 -2.0
0.400571 0.170857 0.642857 -2.0
0.400571 0.170857 0.785714 -2.0
0.400571 0.170857 0.928571 -2.0
0.400571 0.313714 0.071429 -2.0
0.400571 0.313714 0.214286 -2.0
0.400571 0.313714 0.357143 -2.0
0.400571 0.313714 0.500000 -2.0
0.400571 0.313714 0.642857 -2.0
0.400571 0.313714 0.785714 -2.0
0.400571 0.313714 0.928571 -2.0
0.400571 0.456571 0.071429 -2.0
0.400571 0.456571 0.214286 -2.0
0.400571 0.456571 0.357143 -2.0
0.400571 0.456571 0.500000 -2.0
0.400571 0.456571 0.642857 -2.0
0.400571 0.456571 0.785714 -2.0
0.400571 0.456571 0.928571 -2.0
0.400571 0.599429 0.071429 -2.0
0.400571 0.599429 0.214286 -2.0
0.400571 0.599429 0.357143 -2.0
0.400571 0.599429 0.500000 -2.0
0.400571 0.599429 0.642857 -2.0
0.400571 0.599429 0.785714 -2.0
0.400571 0.599429 0.928571 -2.0
0.400571 0.742286 0.071429 -2.0
0.400571 0.742286 0.214286 -2.0
0.400571 0.742286 0.357143 -2.0
0.400571 0.742286 0.500000 -2.0
0.400571 0.742286 0.642857 -2.0
0.400571 0.742286 0.785714 -2.0
0.400571 0.742286 0.928571 -2.0
0.400571 0.885143 0.071429 -2.0
0.400571 0.885143 0.214286 -2.0
0.400571 0.885143 0.357143 -2.0
0.400571 0.885143 0.500000 -2.0
0.400571 0.885143 0.642857 -2.0
0.400571 0.885143 0.785714 -2.0
0.400571 0.885143 0.928571 -2.0
0.543429 0.028000 0.071429 -2.0
0.543429 0.028000 0.214286 -2.0
0.543429 0.028000 0.357143 -2.0
0.543429 0.028000 0.500000 -2.0
0.543429 0.028000 0.642857 -2.0
0.543429 0.028000 0.785714 -2.0
0.543429 0.028000 0.928571 -2.0
0.543429 0.170857 0.071429 -2.0
0.543429 0.170857 0.214286 -2.0
0.543429 0.170857 0.357143 -2.0
0.543429 0.170857 0.500000 -2.0
0.543429 0.170857 0.642857 -2.0
0.543429 0.170857 0.785714 -2.0
0.543429 0.170857 0.928571 -2.0
0.543429 0.313714 0.071429 -2.0
0.543429 0.313714 0.214286 -2.0
0.543429 0.313714 0.357143 -2.0
0.543429 0.313714 0.500000 -2.0
0.543429 0.313714 0.642857 -2.0
0.543429 0.313714 0.785714 -2.0
0.543429 0.313714 0.928571 -2.0
0.543429 0.456571 0.071429 -2.0
0.543429 0.456571 0.214286 -2.0
0.543429 0.456571 0.357143 -2.0
0.543429 0.456571 0.500000 -2.0
0.543429 0.456571 0.642857 -2.0
0.543429 0.456571 0.785714 -2.0
0.543429 0.456571 0.928571 -2.0
0.543429 0.599429 0.071429 -2.0
0.543429 0.599429 0.214286 -2.0
0.543429 0.599429 0.357143 -2.0
0.543429 0.599429 0.500000 -2.0
0.543429 0.599429 0.642857 -2.0
0.543429 0.599429 0.785714 -2.0
0.543429 0.599429 0.928571 -2.0
0.543429 0.742286 0.071429 -2.0
0.543429 0.742286 0.214286 -2.0
0.543429 0.742286 0.357143 -2.0
0.543429 0.742286 0.500000 -2.0
0.543429 0.742286 0.642857 -2.0
0.543429 0.742286 0.785714 -2.0
0.543429 0.742286 0.928571 -2.0
0.543429 0.885143 0.071429 -2.0
0.543429 0.885143 0.214286 -2.0
0.543429 0.885143 0.357143 -2.0
0.543429 0.885143 0.500000 -2.0
0.543429 0.885143 0.642857 -2.0
0.543429 0.885143 0.785714 -2.0
0.543429 0.885143 0.928571 -2.0
0.686286 0.028000 0.071429 -2.0
0.686286 0.028000 0.214286 -2.0
0.686286 0.028000 0.357143 -2.0
0.686286 0.028000 0.500000 -2.0
0.686286 0.028000 0.642857 -2.0
0.686286 0.028000 0.785714 -2.0
0.686286 0.028000 0.928571 -2.0
0.686286 0.170857 0.071429 -2.0
0.686286 0.170857 0.214286 -2.0
0.686286 0.170857 0.357143 -2.0
0.686286 0.170857 0.500000 -2.0
0.686286 0.170857 0.642857 -2.0
0.686286 0.170857 0.785714 -2.0
0.686286 0.170857 0.928571 -2.0
0.686286 0.313714 0.071429 -2.0
0.686286 0.313714 0.214286 -2.0
0.686286 0.313714 0.357143 -2.0
0.686286 0.313714 0.500000 -2.0
0.686286 0.313714 0.642857 -2.0
0.686286 0.313714 0.785714 -2.0
0.686286 0.313714 0.928571 -2.0
0.686286 0.456571 0.071429 -2.0
0.686286 0.456571 0.214286 -2.0
0.686286 0.456571 0.357143 -2.0
0.686286 0.456571 0.500000 -2.0
0.686286 0.456571 0.642857 -2.0
0.686286 0.456571 0.785714 -2.0
0.686286 0.456571 0.928571 -2.0
0.686286 0.599429 0.071429 -2.0
0.686286 0.599429 0.214286 -2.0
0.686286 0.599429 0.357143 -2.0
0.686286 0.599429 0.500000 -2.0
0.686286 0.599429 0.642857 -2.0
0.686286 0.599429 0.785714 -2.0
0.686286 0.599429 0.928571 -2.0
0.686286 0.742286 0.071429 -2.0
0.686286 0.742286 0.214286 -2.0
0.686286 0.742286 0.357143 -2.0
0.686286 0.742286 0.500000 -2.0
0.686286 0.742286 0.642857 -2.0
0.686286 0.742286 0.785714 -2.0
0.686286 0.742286 0.928571 -2.0
0.686286 0.885143 0.071429 -2.0
0.686286 0.885143 0.214286 -2.0
0.686286 0.885143 0.357143 -2.0
0.686286 0.885143 0.500000 -2.0
0.686286 0.885143 0.642857 -2.0
0.686286 0.885143 0.785714 -2.0
0.686286 0.885143 0.928571 -2.0
0.829143 0.028000 0.071429 -2.0
0.829143 0.028000 0.214286 -2.0
0.829143 0.028000 0.357143 -2.0
0.829143 0.028000 0.500000 -2.0
0.829143 0.028000 0.642857 -2.0
0.829143 0.028000 0.785714 -2.0
0.829143 0.028000 0.928571 -2.0
0.829143 0.170857 0.071429 -2.0
0.829143 0.170857 0.214286 -2.0
0.829143 0.170857 0.357143 -2.0
0.829143 0.170857 0.500000 -2.0
0.829143 0.170857 0.642857 -2.0
0.829143 0.170857 0.785714 -2.0
0.829143 0.170857 0.928571 -2.0
0.829143 0.313714 0.071429 -2.0
0.829143 0.313714 0.214286 -2.0
0.829143 0.313714 0.357143 -2.0
0.829143 0.313714 0.500000 -2.0
0.829143 0.313714 0.642857 -2.0
0.829143 0.313714 0.785714 -2.0
0.829143 0.313714 0.928571 -2.0
0.829143 0.456571 0.071429 -2.0
0.829143 0.456571 0.214286 -2.0
0.829143 0.456571 0.357143 -2.0
0.829143 0.456571 0.500000 -2.0
0.829143 0.456571 0.642857 -2.0
0.829143 0.456571 0.785714 -2.0
0.829143 0.456571 0.928571 -2.0
0.829143 0.599429 0.071429 -2.0
0.829143 0.599429 0.214286 -2.0
0.829143 0.599429 0.357143 -2.0
0.829143 0.599429 0.500000 -2.0
0.829143 0.599429 0.642857 -2.0
0.829143 0.599429 0.785714 -2.0
0.829143 0.599429 0.928571 -2.0
0.829143 0.742286 0.071429 -2.0
0.829143 0.742286 0.214286 -2.0
0.829143 0.742286 0.357143 -2.0
0.829143 0.742286 0.500000 -2.0
0.829143 0.742286 0.642857 -2.0
0.829143 0.742286 0.785714 -2.0
0.829143 0.742286 0.928571 -2.0
0.829143 0.885143 0.071429 -2.0
0.829143 0.885143 0.214286 -2.0
0.829143 0.885143 0.357143 -2.0
0.829143 0.885143 0.500000 -2.0
0.829143 0.885143 0.642857 -2.0
0.829143 0.885143 0.785714 -2.0
0.829143 0.885143 0.928571 -2.0
0.972000 0.028000 0.071429 -2.0
0.972000 0.028000 0.214286 -2.0
0.972000 0.028000 0.357143 -2.0
0.972000 0.028000 0.500000 -2.0
0.972000 0.028000 0.642857 -2.0
0.972000 0.028000 0.785714 -2.0
0.972000 0.028000 0.928571 -2.0
0.972000 0.170857 0.071429 -2.0
0.972000 0.170857 0.214286 -2.0
0.972000 0.170857 0.357143 -2.0
0.972000 0.170857 0.500000 -2.0
0.972000 0.170857 0.642857 -2.0
0.972000 0.170857 0.785714 -2.0
0.972000 0.170857 0.928571 -2.0
0.972000 0.313714 0.071429 -2.0
0.972000 0.313714 0.214286 -2.0
0.972000 0.313714 0.357143 -2.0
0.972000 0.313714 0.500000 -2.0
0.972000 0.313714 0.642857 -2.0
0.972000 0.313714 0.785714 -2.0
0.972000 0.313714 0.928571 -2.0
0.972000 0.456571 0.071429 -2.0
0.972000 0.456571 0.214286 -2.0
0.972000 0.456571 0.357143 -2.0
0.972000 0.456571 0.500000 -2.0
0.972000 0.456571 0.642857 -2.0
0.972000 0.456571 0.785714 -2.0
0.972000 0.456571 0.928571 -2.0
0.972000 0.599429 0.071429 -2.0
0.972000 0.599429 0.214286 -2.0
0.972000 0.599429 0.357143 -2.0
0.972000 0.599429 0.500000 -2.0
0.972000 0.599429 0.642857 -2.0
0.972000 0.599429 0.785714 -2.0
0.972000 0.599429 0.928571 -2.0
0.972000 0.742286 0.071429 -2.0
0.972000 0.742286 0.214286 -2.0
0.972000 0.742286 0.357143 -2.0
0.972000 0.742286 0.500000 -2.0
0.972000 0.742286 0.642857 -2.0
0.972000 0.742286 0.785714 -2.0
0.972000 0.742286 0.928571 -2.0
0.972000 0.885143 0.071429 -2.0
0.972000 0.885143 0.214286 -2.0
0.972000 0.885143 0.357143 -2.0
0.972000 0.885143 0.500000 -2.0
0.972000 0.885143 0.642857 -2.0
0.972000 0.885143 0.785714 -2.0
0.972000 0.885143 0.928571 -2.0
0.028000 0.114857 0.071429 -2.0
0.028000 0.114857 0.214286 -2.0
0.028000 0.114857 0.357143 -2.0
0.028000 0.114857 0.500000 -2.0
0.028000 0.114857 0.642857 -2.0
0.028000 0.114857 0.785714 -2.0
0.028000 0.114857 0.928571 -2.0
0.028000 0.257714 0.071429 -2.0
0.028000 0.257714 0.214286 -2.0
0.028000 0.257714 0.357143 -2.0
0.028000 0.257714 0.500000 -2.0
0.028000 0.257714 0.642857 -2.0
0.028000 0.257714 0.785714 -2.0
0.028000 0.257714 0.928571 -2.0
0.028000 0.400571 0.071429 -2.0
0.028000 0.400571 0.214286 -2.0
0.028000 0.400571 0.357143 -2.0
0.028000 0.400571 0.500000 -2.0
0.028000 0.400571 0.642857 -2.0
0.028000 0.400571 0.785714 -2.0
0.028000 0.400571 0.928571 -2.0
0.028000 0.543429 0.071429 -2.0
0.028000 0.543429 0.214286 -2.0
0.028000 0.543429 0.357143 -2.0
0.028000 0.543429 0.500000 -2.0
0.028000 0.543429 0.642857 -2.0
0.028000 0.543429 0.785714 -2.0
0.028000 0.543429 0.928571 -2.0
0.028000 0.686286 0.071429 -2.0
0.028000 0.686286 0.214286 -2.0
0.028000 0.686286 0.357143 -2.0
0.028000 0.686286 0.500000 -2.0
0.028000 0.686286 0.642857 -2.0
0.028000 0.686286 0.785714 -2.0
0.028000 0.686286 0.928571 -2.0
0.028000 0.829143 0.071429 -2.0
0.028000 0.829143 0.214286 -2.0
0.028000 0.829143 0.357143 -2.0
0.028000 0.829143 0.500000 -2.0
0.028000 0.829143 0.642857 -2.0
0.028000 0.829143 0.785714 -2.0
0.028000 0.829143 0.928571 -2.0
0.028000 0.972000 0.071429 -2.0
0.028000 0.972000 0.214286 -2.0
0.028000 0.972000 0.357143 -2.0
0.028000 0.972000 0.500000 -2.0
0.028000 0.972000 0.642857 -2.0
0.028000 0.972000 0.785714 -2.0
0.028000 0.972000 0.928571 -2.0
0.170857 0.114857 0.071429 -2.0
0.170857 0.114857 0.214286 -2.0
0.170857 0.114857 0.357143 -2.0
0.170857 0.114857 0.500000 -2.0
0.170857 0.114857 0.642857 -2.0
0.170857 0.114857 0.785714 -2.0
0.170857 0.114857 0.928571 -2.0
0.170857 0.257714 0.071429 -2.0
0.170857 0.257714 0.214286 -2.0
0.170857 0.257714 0.357143 -2.0
0.170857 0.257714 0.500000 -2.0
0.170857 0.257714 0.642857 -2.0
0.170857 0.257714 0.785714 -2.0
0.170857 0.257714 0.928571 -2.0
0.170857 0.400571 0.071429 -2.0
0.170857 0.400571 0.214286 -2.0
0.170857 0.400571 0.357143 -2.0
0.170857 0.400571 0.500000 -2.0
0.170857 0.400571 0.642857 -2.0
0.170857 0.400571 0.785714 -2.0
0.170857 0.400571 0.928571 -2.0
0.170857 0.543429 0.071429 -2.0
0.170857 0.543429 0.214286 -2.0
0.170857 0.543429 0.357143 -2.0
0.170857 0.543429 0.500000 -2.0
0.170857 0.543429 0.642857 -2.0
0.170857 0.543429 0.785714 -2.0
0.170857 0.543429 0.928571 -2.0
0.170857 0.686286 0.071429 -2.0
0.170857 0.686286 0.214286 -2.0
0.170857 0.686286 0.357143 -2.0
0.170857 0.686286 0.500000 -2.0
0.170857 0.686286 0.642857 -2.0
0.170857 0.686286 0.785714 -2.0
0.170857 0.686286 0.928571 -2.0
0.170857 0.829143 0.071429 -2.0
0.170857 0.829143 0.214286 -2.0
0.170857 0.829143 0.357143 -2.0
0.170857 0.829143 0.500000 -2.0
0.170857 0.829143 0.642857 -2.0
0.170857 0.829143 0.785714 -2.0
0.170857 0.829143 0.928571 -2.0
0.170857 0.972000 0.071429 -2.0
0.170857 0.972000 0.214286 -2.0
0.170857 0.972000 0.357143 -2.0
0.170857 0.972000 0.500000 -2.0
0.170857 0.972000 0.642857 -2.0
0.170857 0.972000 0.785714 -2.0
0.170857 0.972000 0.928571 -2.0
0.313714 0.114857 0.071429 -2.0
0.313714 0.114857 0.214286 -2.0
0.313714 0.114857 0.357143 -2.0
0.313714 0.114857 0.500000 -2.0
0.313714 0.114857 0.642857 -2.0
0.313714 0.114857 0.785714 -2.0
0.313714 0.114857 0.928571 -2.0
0.313714 0.257714 0.071429 -2.0
0.313714 0.257714 0.214286 -2.0
0.313714 0.257714 0.357143 -2.0
0.313714 0.257714 0.500000 -2.0
0.313714 0.257714 0.642857 -2.0
0.313714 0.257714 0.785714 -2.0
0.313714 0.257714 0.928571 -2.0
0.313714 0.400571 0.071429 -2.0
0.313714 0.400571 0.214286 -2.0
0.313714 0.400571 0.357143 -2.0
0.313714 0.400571 0.500000 -2.0
0.313714 0.400571 0.642857 -2.0
0.313714 0.400571 0.785714 -2.0
0.313714 0.400571 0.928571 -2.0
0.313714 0.543429 0.071429 -2.0
0.313714 0.543429 0.214286 -2.0
0.313714 0.543429 0.357143 -2.0
0.313714 0.543429 0.500000 -2.0
0.313714 0.543429 0.642857 -2.0
0.313714 0.543429 0.785714 -2.0
0.313714 0.543429 0.928571 -2.0
0.313714 0.686286 0.071429 -2.0
0.313714 0.686286 0.214286 -2.0
0.313714 0.686286 0.357143 -2.0
0.313714 0.686286 0.500000 -2.0
0.313714 0.686286 0.642857 -2.0
0.313714 0.686286 0.785714 -2.0
0.313714 0.686286 0.928571 -2.0
0.313714 0.829143 0.071429 -2.0
0.313714 0.829143 0.214286 -2.0
0.313714 0.829143 0.357143 -2.0
0.313714 0.829143 0.500000 -2.0
0.313714 0.829143 0.642857 -2.0
0.313714 0.829143 0.785714 -2.0
0.313714 0.829143 0.928571 -2.0
0.313714 0.972000 0.071429 -2.0
0.313714 0.972000 0.214286 -2.0
0.313714 0.972000 0.357143 -2.0
0.313714 0.972000 0.500000 -2.0
0.313714 0.972000 0.642857 -2.0
0.313714 0.972000 0.785714 -2.0
0.313714 0.972000 0.928571 -2.0
0.456571 0.114857 0.071429 -2.0
0.456571 0.114857 0.214286 -2.0
0.456571 0.114857 0.357143 -2.0
0.456571 0.114857 0.500000 -2.0
0.456571 0.114857 0.642857 -2.0
0.456571 0.114857 0.785714 -2.0
0.456571 0.114857 0.928571 -2.0
0.456571 0.257714 0.071429 -2.0
0.456571 0.257714 0.214286 -2.0
0.456571 0.257714 0.357143 -2.0
0.456571 0.257714 0.500000 -2.0
0.456571 0.257714 0.642857 -2.0
0.456571 0.257714 0.785714 -2.0
0.456571 0.257714 0.928571 -2.0
0.456571 0.400571 0.071429 -2.0
0.456571 0.400571 0.214286 -2.0
0.456571 0.400571 0.357143 -2.0
0.456571 0.400571 0.500000 -2.0
0.456571 0.400571 0.642857 -2.0
0.456571 0.400571 0.785714 -2.0
0.456571 0.400571 0.928571 -2.0
0.456571 0.543429 0.071429 -2.0
0.456571 0.543429 0.214286 -2.0
0.456571 0.543429 0.357143 -2.0
0.456571 0.543429 0.500000 -2.0
0.456571 0.543429 0.642857 -2.0
0.456571 0.543429 0.785714 -2.0
0.456571 0.543429 0.928571 -2.0
0.456571 0.686286 0.071429 -2.0
0.456571 0.686286 0.214286 -2.0
0.456571 0.686286 0.357143 -2.0
0.456571 0.686286 0.500000 -2.0
0.456571 0.686286 0.642857 -2.0
0.456571 0.686286 0.785714 -2.0
0.456571 0.686286 0.928571 -2.0
0.456571 0.829143 0.071429 -2.0
0.456571 0.829143 0.214286 -2.0
0.456571 0.829143 0.357143 -2.0
0.456571 0.829143 0.500000 -2.0
0.456571 0.829143 0.642857 -2.0
0.456571 0.829143 0.785714 -2.0
0.456571 0.829143 0.928571 -2.0
0.456571 0.972000 0.071429 -2.0
0.456571 0.972000 0.214286 -2.0
0.456571 0.972000 0.357143 -2.0
0.456571 0.972000 0.500000 -2.0
0.456571 0.972000 0.642857 -2.0
0.456571 0.972000 0.785714 -2.0
0.456571 0.972000 0.928571 -2.0
0.599429 0.114857 0.071429 -2.0
0.599429 0.114857 0.214286 -2.0
0.599429 0.114857 0.357143 -2.0
0.599429 0.114857 0.500000 -2.0
0.599429 0.114857 0.642857 -2.0
0.599429 0.114857 0.785714 -2.0
0.599429 0.114857 0.928571 -2.0
0.599429 0.257714 0.071429 -2.0
0.599429 0.257714 0.214286 -2.0
0.599429 0.257714 0.357143 -2.0
0.599429 0.257714 0.500000 -2.0
0.599429 0.257714 0.642857 -2.0
0.599429 0.257714 0.785714 -2.0
0.599429 0.257714 0.928571 -2.0
0.599429 0.400571 0.071429 -2.0
0.599429 0.400571 0.214286 -2.0
0.599429 0.400571 0.357143 -2.0
0.599429 0.400571 0.500000 -2.0
0.599429 0.400571 0.642857 -2.0
0.599429 0.400571 0.785714 -2.0
0.599429 0.400571 0.928571 -2.0
0.599429 0.543429 0.071429 -2.0
0.599429 0.543429 0.214286 -2.0
0.599429 0.543429 0.357143 -2.0
0.599429 0.543429 0.500000 -2.0
0.599429 0.543429 0.642857 -2.0
0.599429 0.543429 0.785714 -2.0
0.599429 0.543429 0.928571 -2.0
0.599429 0.686286 0.071429 -2.0
0.599429 0.686286 0.214286 -2.0
0.599429 0.686286 0.357143 -2.0
0.599429 0.686286 0.500000 -2.0
0.599429 0.686286 0.642857 -2.0
0.599429 0.686286 0.785714 -2.0
0.599429 0.686286 0.928571 -2.0
0.599429 0.829143 0.071429 -2.0
0.599429 0.829143 0.214286 -2.0
0.599429 0.829143 0.357143 -2.0
0.599429 0.829143 0.500000 -2.0
0.599429 0.829143 0.642857 -2.0
0.599429 0.829143 0.785714 -2.0
0.599429 0.829143 0.928571 -2.0
0.599429 0.972000 0.071429 -2.0
0.599429 0.972000 0.214286 -2.0
0.599429 0.972000 0.357143 -2.0
0.599429 0.972000 0.500000 -2.0
0.599429 0.972000 0.642857 -2.0
0.599429 0.972000 0.785714 -2.0
0.599429 0.972000 0.928571 -2.0
0.742286 0.114857 0.071429 -2.0
0.742286 0.114857 0.214286 -2.0
0.742286 0.114857 0.357143 -2.0
0.742286 0.114857 0.500000 -2.0
0.742286 0.114857 0.642857 -2.0
0.742286 0.114857 0.785714 -2.0
0.742286 0.114857 0.928571 -2.0
0.742286 0.257714 0.071429 -2.0
0.742286 0.257714 0.214286 -2.0
0.742286 0.257714 0.357143 -2.0
0.742286 0.257714 0.500000 -2.0
0.742286 0.257714 0.642857 -2.0
0.742286 0.257714 0.785714 -2.0
0.742286 0.257714 0.928571 -2.0
0.742286 0.400571 0.071429 -2.0
0.742286 0.400571 0.214286 -2.0
0.742286 0.400571 0.357143 -2.0
0.742286 0.400571 0.500000 -2.0
0.742286 0.400571 0.642857 -2.0
0.742286 0.400571 0.785714 -2.0
0.742286 0.400571 0.928571 -2.0
0.742286 0.543429 0.071429 -2.0
0.742286 0.543429 0.214286 -2.0
0.742286 0.543429 0.357143 -2.0
0.742286 0.543429 0.500000 -2.0
0.742286 0.543429 0.642857 -2.0
0.742286 0.543429 0.785714 -2.0
0.742286 0.543429 0.928571 -2.0
0.742286 0.686286 0.071429 -2.0
0.742286 0.686286 0.214286 -2.0
0.742286 0.686286 0.357143 -2.0
0.742286 0.686286 0.500000 -2.0
0.742286 0.686286 0.642857 -2.0
0.742286 0.686286 0.785714 -2.0
0.742286 0.686286 0.928571 -2.0
0.742286 0.829143 0.071429 -2.0
0.742286 0.829143 0.214286 -2.0
0.742286 0.829143 0.357143 -2.0
0.742286 0.829143 0.500000 -2.0
0.742286 0.829143 0.642857 -2.0
0.742286 0.829143 0.785714 -2.0
0.742286 0.829143 0.928571 -2.0
0.742286 0.972000 0.071429 -2.0
0.742286 0.972000 0.214286 -2.0
0.742286 0.972000 0.357143 -2.0
0.742286 0.972000 0.500000 -2.0
0.742286 0.972000 0.642857 -2.0
0.742286 0.972000 0.785714 -2.0
0.742286 0.972000 0.928571 -2.0
0.885143 0.114857 0.071429 -2.0
0.885143 0.114857 0.214286 -2.0
0.885143 0.114857 0.357143 -2.0
0.885143 0.114857 0.500000 -2.0
0.885143 0.114857 0.642857 -2.0
0.885143 0.114857 0.785714 -2.0
0.885143 0.114857 0.928571 -2.0
0.885143 0.257714 0.071429 -2.0
0.885143 0.257714 0.214286 -2.0
0.885143 0.257714 0.357143 -2.0
0.885143 0.257714 0.500000 -2.0
0.885143 0.257714 0.642857 -2.0
0.885143 0.257714 0.785714 -2.0
0.885143 0.257714 0.928571 -2.0
0.885143 0.400571 0.071429 -2.0
0.885143 0.400571 0.214286 -2.0
0.885143 0.400571 0.357143 -2.0
0.885143 0.400571 0.500000 -2.0
0.885143 0.400571 0.642857 -2.0
0.885143 0.400571 0.785714 -2.0
0.885143 0.400571 0.928571 -2.0
0.885143 0.543429 0.071429 -2.0
0.885143 0.543429 0.214286 -2.0
0.885143 0.543429 0.357143 -2.0
0.885143 0.543429 0.500000 -2.0
0.885143 0.543429 0.642857 -2.0
0.885143 0.543429 0.785714 -2.0
0.885143 0.543429 0.928571 -2.0
0.885143 0.686286 0.071429 -2.0
0.885143 0.686286 0.214286 -2.0
0.885143 0.686286 0.357143 -2.0
0.885143 0.686286 0.500000 -2.0
0.885143 0.686286 0.642857 -2.0
0.885143 0.686286 0.785714 -2.0
0.885143 0.686286 0.928571 -2.0
0.885143 0.829143 0.071429 -2.0
0.885143 0.829143 0.214286 -2.0
0.885143 0.829143 0.357143 -2.0
0.885143 0.829143 0.500000 -2.0
0.885143 0.829143 0.642857 -2.0
0.885143 0.829143 0.785714 -2.0
0.885143 0.829143 0.928571 -2.0
0.885143 0.972000 0.071429 -2.0
0.885143 0.972000 0.214286 -2.0
0.885143 0.972000 0.357143 -2.0
0.885143 0.972000 0.500000 -2.0
0.885143 0.972000 0.642857 -2.0
0.885143 0.972000 0.785714 -2.0
0.885143 0.972000 0.928571 -2.0
110 110 70
0.31 10 1 1
