tetragonal
26.046  26.046  16.764
90 90 90
162
0.00000000 0.00000000 0.00000000 4.00000000
0.16666667 0.16666667 0.16666667 4.00000000
0.10133333 0.10133333 0.00000000 -2.00000000
0.23200000 0.23200000 0.00000000 -2.00000000
0.26800000 0.06533333 0.16666667 -2.00000000
0.06533333 0.26800000 0.16666667 -2.00000000
0.00000000 0.00000000 0.33333333 4.00000000
0.16666667 0.16666667 0.50000000 4.00000000
0.10133333 0.10133333 0.33333333 -2.00000000
0.23200000 0.23200000 0.33333333 -2.00000000
0.26800000 0.06533333 0.50000000 -2.00000000
0.06533333 0.26800000 0.50000000 -2.00000000
0.00000000 0.00000000 0.66666667 4.00000000
0.16666667 0.16666667 0.83333333 4.00000000
0.10133333 0.10133333 0.66666667 -2.00000000
0.23200000 0.23200000 0.66666667 -2.00000000
0.26800000 0.06533333 0.83333333 -2.00000000
0.06533333 0.26800000 0.83333333 -2.00000000
0.00000000 0.33333333 0.00000000 4.00000000
0.16666667 0.50000000 0.16666667 4.00000000
0.10133333 0.43466667 0.00000000 -2.00000000
0.23200000 0.56533333 0.00000000 -2.00000000
0.26800000 0.39866667 0.16666667 -2.00000000
0.06533333 0.60133333 0.16666667 -2.00000000
0.00000000 0.33333333 0.33333333 4.00000000
0.16666667 0.50000000 0.50000000 4.00000000
0.10133333 0.43466667 0.33333333 -2.00000000
0.23200000 0.56533333 0.33333333 -2.00000000
0.26800000 0.39866667 0.50000000 -2.00000000
0.06533333 0.60133333 0.50000000 -2.00000000
0.00000000 0.33333333 0.66666667 4.00000000
0.16666667 0.50000000 0.83333333 4.00000000
0.10133333 0.43466667 0.66666667 -2.00000000
0.23200000 0.56533333 0.66666667 -2.00000000
0.26800000 0.39866667 0.83333333 -2.00000000
0.06533333 0.60133333 0.83333333 -2.00000000
0.00000000 0.66666667 0.00000000 4.00000000
0.16666667 0.83333333 0.16666667 4.00000000
0.10133333 0.76800000 0.00000000 -2.00000000
0.23200000 0.89866667 0.00000000 -2.00000000
0.26800000 0.73200000 0.16666667 -2.00000000
0.06533333 0.93466667 0.16666667 -2.00000000
0.00000000 0.66666667 0.33333333 4.00000000
0.16666667 0.83333333 0.50000000 4.00000000
0.10133333 0.76800000 0.33333333 -2.00000000
0.23200000 0.89866667 0.33333333 -2.00000000
0.26800000 0.73200000 0.50000000 -2.00000000
0.06533333 0.93466667 0.50000000 -2.00000000
0.00000000 0.66666667 0.66666667 4.00000000
0.16666667 0.83333333 0.83333333 4.00000000
0.10133333 0.76800000 0.66666667 -2.00000000
0.23200000 0.89866667 0.66666667 -2.00000000
0.26800000 0.73200000 0.83333333 -2.00000000
0.06533333 0.93466667 0.83333333 -2.00000000
0.33333333 0.00000000 0.00000000 4.00000000
0.50000000 0.16666667 0.16666667 4.00000000
0.43466667 0.10133333 0.00000000 -2.00000000
0.56533333 0.23200000 0.00000000 -2.00000000
0.60133333 0.06533333 0.16666667 -2.00000000
0.39866667 0.26800000 0.16666667 -2.00000000
0.33333333 0.00000000 0.33333333 4.00000000
0.50000000 0.16666667 0.50000000 4.00000000
0.43466667 0.10133333 0.33333333 -2.00000000
0.56533333 0.23200000 0.33333333 -2.00000000
0.60133333 0.06533333 0.50000000 -2.00000000
0.39866667 0.26800000 0.50000000 -2.00000000
0.33333333 0.00000000 0.66666667 4.00000000
0.50000000 0.16666667 0.83333333 4.00000000
0.43466667 0.10133333 0.66666667 -2.00000000
0.56533333 0.23200000 0.66666667 -2.00000000
0.60133333 0.06533333 0.83333333 -2.00000000
0.39866667 0.26800000 0.83333333 -2.00000000
0.33333333 0.33333333 0.00000000 4.00000000
0.50000000 0.50000000 0.16666667 4.00000000
0.43466667 0.43466667 0.00000000 -2.00000000
0.56533333 0.56533333 0.00000000 -2.00000000
0.60133333 0.39866667 0.16666667 -2.00000000
0.39866667 0.60133333 0.16666667 -2.00000000
0.33333333 0.33333333 0.33333333 4.00000000
0.50000000 0.50000000 0.50000000 4.00000000
0.43466667 0.43466667 0.33333333 -2.00000000
0.56533333 0.56533333 0.33333333 -2.00000000
0.60133333 0.39866667 0.50000000 -2.00000000
0.39866667 0.60133333 0.50000000 -2.00000000
0.33333333 0.33333333 0.66666667 4.00000000
0.50000000 0.50000000 0.83333333 4.00000000
0.43466667 0.43466667 0.66666667 -2.00000000
0.56533333 0.56533333 0.66666667 -2.00000000
0.60133333 0.39866667 0.83333333 -2.00000000
0.39866667 0.60133333 0.83333333 -2.00000000
0.33333333 0.66666667 0.00000000 4.00000000
0.50000000 0.83333333 0.16666667 4.00000000
0.43466667 0.76800000 0.00000000 -2.00000000
0.56533333 0.89866667 0.00000000 -2.00000000
0.60133333 0.73200000 0.16666667 -2.00000000
0.39866667 0.93466667 0.16666667 -2.00000000
0.33333333 0.66666667 0.33333333 4.00000000
0.50000000 0.83333333 0.50000000 4.00000000
0.43466667 0.76800000 0.33333333 -2.00000000
0.56533333 0.89866667 0.33333333 -2.00000000
0.60133333 0.73200000 0.50000000 -2.00000000
0.39866667 0.93466667 0.50000000 -2.00000000
0.33333333 0.66666667 0.66666667 4.00000000
0.50000000 0.83333333 0.83333333 4.00000000
0.43466667 0.76800000 0.66666667 -2.00000000
0.56533333 0.89866667 0.66666667 -2.00000000
0.60133333 0.73200000 0.83333333 -2.00000000
0.39866667 0.93466667 0.83333333 -2.00000000
0.66666667 0.00000000 0.00000000 4.00000000
0.83333333 0.16666667 0.16666667 4.00000000
0.76800000 0.10133333 0.00000000 -2.00000000
0.89866667 0.23200000 0.00000000 -2.00000000
0.93466667 0.06533333 0.16666667 -2.00000000
0.73200000 0.26800000 0.16666667 -2.00000000
0.66666667 0.00000000 0.33333333 4.00000000
0.83333333 0.16666667 0.50000000 4.00000000
0.76800000 0.10133333 0.33333333 -2.00000000
0.89866667 0.23200000 0.33333333 -2.00000000
0.93466667 0.06533333 0.50000000 -2.00000000
0.73200000 0.26800000 0.50000000 -2.00000000
0.66666667 0.00000000 0.66666667 4.00000000
0.83333333 0.16666667 0.83333333 4.00000000
0.76800000 0.10133333 0.66666667 -2.00000000
0.89866667 0.23200000 0.66666667 -2.00000000
0.93466667 0.06533333 0.83333333 -2.00000000
0.73200000 0.26800000 0.83333333 -2.00000000
0.66666667 0.33333333 0.00000000 4.00000000
0.83333333 0.50000000 0.16666667 4.00000000
0.76800000 0.43466667 0.00000000 -2.00000000
0.89866667 0.56533333 0.00000000 -2.00000000
0.93466667 0.39866667 0.16666667 -2.00000000
0.73200000 0.60133333 0.16666667 -2.00000000
0.66666667 0.33333333 0.33333333 4.00000000
0.83333333 0.50000000 0.50000000 4.00000000
0.76800000 0.43466667 0.33333333 -2.00000000
0.89866667 0.56533333 0.33333333 -2.00000000
0.93466667 0.39866667 0.50000000 -2.00000000
0.73200000 0.60133333 0.50000000 -2.00000000
0.66666667 0.33333333 0.66666667 4.00000000
0.83333333 0.50000000 0.83333333 4.00000000
0.76800000 0.43466667 0.66666667 -2.00000000
0.89866667 0.56533333 0.66666667 -2.00000000
0.93466667 0.39866667 0.83333333 -2.00000000
0.73200000 0.60133333 0.83333333 -2.00000000
0.66666667 0.66666667 0.00000000 4.00000000
0.83333333 0.83333333 0.16666667 4.00000000
0.76800000 0.76800000 0.00000000 -2.00000000
0.89866667 0.89866667 0.00000000 -2.00000000
0.93466667 0.73200000 0.16666667 -2.00000000
0.73200000 0.93466667 0.16666667 -2.00000000
0.66666667 0.66666667 0.33333333 4.00000000
0.83333333 0.83333333 0.50000000 4.00000000
0.76800000 0.76800000 0.33333333 -2.00000000
0.89866667 0.89866667 0.33333333 -2.00000000
0.93466667 0.73200000 0.50000000 -2.00000000
0.73200000 0.93466667 0.50000000 -2.00000000
0.66666667 0.66666667 0.66666667 4.00000000
0.83333333 0.83333333 0.83333333 4.00000000
0.76800000 0.76800000 0.66666667 -2.00000000
0.89866667 0.89866667 0.66666667 -2.00000000
0.93466667 0.73200000 0.83333333 -2.00000000
0.73200000 0.93466667 0.83333333 -2.0000000
47 47 30
0.31 10 1 20
