#!/usr/bin/env bash

# stop on errors
set -eu

# put the name of your program here
program=./pme
# unique pattern to find the final energy

pattern2='Time elapsed (direct space):'
pattern1=' DIRECT SPACE'
# output file for plotting
datafile=nacl_DIRECT_0.75_.dat

# scan distances
start_distance=10
last_distance=500
step=20

read -r -d 'END' input <<EOF
NaCl
74.62 74.62 74.62
90 90 90
2744
0.071429 0.071429 0.071429 1.00
0.000000 0.000000 0.071429 1.00
0.000000 0.071429 0.000000 1.00
0.071429 0.000000 0.000000 1.00
0.000000 0.000000 0.000000 -1.00
0.071429 0.071429 0.000000 -1.00
0.071429 0.000000 0.071429 -1.00
0.000000 0.071429 0.071429 -1.00
0.071429 0.071429 0.214286 1.00
0.000000 0.000000 0.214286 1.00
0.000000 0.071429 0.142857 1.00
0.071429 0.000000 0.142857 1.00
0.000000 0.000000 0.142857 -1.00
0.071429 0.071429 0.142857 -1.00
0.071429 0.000000 0.214286 -1.00
0.000000 0.071429 0.214286 -1.00
0.071429 0.071429 0.357143 1.00
0.000000 0.000000 0.357143 1.00
0.000000 0.071429 0.285714 1.00
0.071429 0.000000 0.285714 1.00
0.000000 0.000000 0.285714 -1.00
0.071429 0.071429 0.285714 -1.00
0.071429 0.000000 0.357143 -1.00
0.000000 0.071429 0.357143 -1.00
0.071429 0.071429 0.500000 1.00
0.000000 0.000000 0.500000 1.00
0.000000 0.071429 0.428571 1.00
0.071429 0.000000 0.428571 1.00
0.000000 0.000000 0.428571 -1.00
0.071429 0.071429 0.428571 -1.00
0.071429 0.000000 0.500000 -1.00
0.000000 0.071429 0.500000 -1.00
0.071429 0.071429 0.642857 1.00
0.000000 0.000000 0.642857 1.00
0.000000 0.071429 0.571429 1.00
0.071429 0.000000 0.571429 1.00
0.000000 0.000000 0.571429 -1.00
0.071429 0.071429 0.571429 -1.00
0.071429 0.000000 0.642857 -1.00
0.000000 0.071429 0.642857 -1.00
0.071429 0.071429 0.785714 1.00
0.000000 0.000000 0.785714 1.00
0.000000 0.071429 0.714286 1.00
0.071429 0.000000 0.714286 1.00
0.000000 0.000000 0.714286 -1.00
0.071429 0.071429 0.714286 -1.00
0.071429 0.000000 0.785714 -1.00
0.000000 0.071429 0.785714 -1.00
0.071429 0.071429 0.928571 1.00
0.000000 0.000000 0.928571 1.00
0.000000 0.071429 0.857143 1.00
0.071429 0.000000 0.857143 1.00
0.000000 0.000000 0.857143 -1.00
0.071429 0.071429 0.857143 -1.00
0.071429 0.000000 0.928571 -1.00
0.000000 0.071429 0.928571 -1.00
0.071429 0.214286 0.071429 1.00
0.000000 0.142857 0.071429 1.00
0.000000 0.214286 0.000000 1.00
0.071429 0.142857 0.000000 1.00
0.000000 0.142857 0.000000 -1.00
0.071429 0.214286 0.000000 -1.00
0.071429 0.142857 0.071429 -1.00
0.000000 0.214286 0.071429 -1.00
0.071429 0.214286 0.214286 1.00
0.000000 0.142857 0.214286 1.00
0.000000 0.214286 0.142857 1.00
0.071429 0.142857 0.142857 1.00
0.000000 0.142857 0.142857 -1.00
0.071429 0.214286 0.142857 -1.00
0.071429 0.142857 0.214286 -1.00
0.000000 0.214286 0.214286 -1.00
0.071429 0.214286 0.357143 1.00
0.000000 0.142857 0.357143 1.00
0.000000 0.214286 0.285714 1.00
0.071429 0.142857 0.285714 1.00
0.000000 0.142857 0.285714 -1.00
0.071429 0.214286 0.285714 -1.00
0.071429 0.142857 0.357143 -1.00
0.000000 0.214286 0.357143 -1.00
0.071429 0.214286 0.500000 1.00
0.000000 0.142857 0.500000 1.00
0.000000 0.214286 0.428571 1.00
0.071429 0.142857 0.428571 1.00
0.000000 0.142857 0.428571 -1.00
0.071429 0.214286 0.428571 -1.00
0.071429 0.142857 0.500000 -1.00
0.000000 0.214286 0.500000 -1.00
0.071429 0.214286 0.642857 1.00
0.000000 0.142857 0.642857 1.00
0.000000 0.214286 0.571429 1.00
0.071429 0.142857 0.571429 1.00
0.000000 0.142857 0.571429 -1.00
0.071429 0.214286 0.571429 -1.00
0.071429 0.142857 0.642857 -1.00
0.000000 0.214286 0.642857 -1.00
0.071429 0.214286 0.785714 1.00
0.000000 0.142857 0.785714 1.00
0.000000 0.214286 0.714286 1.00
0.071429 0.142857 0.714286 1.00
0.000000 0.142857 0.714286 -1.00
0.071429 0.214286 0.714286 -1.00
0.071429 0.142857 0.785714 -1.00
0.000000 0.214286 0.785714 -1.00
0.071429 0.214286 0.928571 1.00
0.000000 0.142857 0.928571 1.00
0.000000 0.214286 0.857143 1.00
0.071429 0.142857 0.857143 1.00
0.000000 0.142857 0.857143 -1.00
0.071429 0.214286 0.857143 -1.00
0.071429 0.142857 0.928571 -1.00
0.000000 0.214286 0.928571 -1.00
0.071429 0.357143 0.071429 1.00
0.000000 0.285714 0.071429 1.00
0.000000 0.357143 0.000000 1.00
0.071429 0.285714 0.000000 1.00
0.000000 0.285714 0.000000 -1.00
0.071429 0.357143 0.000000 -1.00
0.071429 0.285714 0.071429 -1.00
0.000000 0.357143 0.071429 -1.00
0.071429 0.357143 0.214286 1.00
0.000000 0.285714 0.214286 1.00
0.000000 0.357143 0.142857 1.00
0.071429 0.285714 0.142857 1.00
0.000000 0.285714 0.142857 -1.00
0.071429 0.357143 0.142857 -1.00
0.071429 0.285714 0.214286 -1.00
0.000000 0.357143 0.214286 -1.00
0.071429 0.357143 0.357143 1.00
0.000000 0.285714 0.357143 1.00
0.000000 0.357143 0.285714 1.00
0.071429 0.285714 0.285714 1.00
0.000000 0.285714 0.285714 -1.00
0.071429 0.357143 0.285714 -1.00
0.071429 0.285714 0.357143 -1.00
0.000000 0.357143 0.357143 -1.00
0.071429 0.357143 0.500000 1.00
0.000000 0.285714 0.500000 1.00
0.000000 0.357143 0.428571 1.00
0.071429 0.285714 0.428571 1.00
0.000000 0.285714 0.428571 -1.00
0.071429 0.357143 0.428571 -1.00
0.071429 0.285714 0.500000 -1.00
0.000000 0.357143 0.500000 -1.00
0.071429 0.357143 0.642857 1.00
0.000000 0.285714 0.642857 1.00
0.000000 0.357143 0.571429 1.00
0.071429 0.285714 0.571429 1.00
0.000000 0.285714 0.571429 -1.00
0.071429 0.357143 0.571429 -1.00
0.071429 0.285714 0.642857 -1.00
0.000000 0.357143 0.642857 -1.00
0.071429 0.357143 0.785714 1.00
0.000000 0.285714 0.785714 1.00
0.000000 0.357143 0.714286 1.00
0.071429 0.285714 0.714286 1.00
0.000000 0.285714 0.714286 -1.00
0.071429 0.357143 0.714286 -1.00
0.071429 0.285714 0.785714 -1.00
0.000000 0.357143 0.785714 -1.00
0.071429 0.357143 0.928571 1.00
0.000000 0.285714 0.928571 1.00
0.000000 0.357143 0.857143 1.00
0.071429 0.285714 0.857143 1.00
0.000000 0.285714 0.857143 -1.00
0.071429 0.357143 0.857143 -1.00
0.071429 0.285714 0.928571 -1.00
0.000000 0.357143 0.928571 -1.00
0.071429 0.500000 0.071429 1.00
0.000000 0.428571 0.071429 1.00
0.000000 0.500000 0.000000 1.00
0.071429 0.428571 0.000000 1.00
0.000000 0.428571 0.000000 -1.00
0.071429 0.500000 0.000000 -1.00
0.071429 0.428571 0.071429 -1.00
0.000000 0.500000 0.071429 -1.00
0.071429 0.500000 0.214286 1.00
0.000000 0.428571 0.214286 1.00
0.000000 0.500000 0.142857 1.00
0.071429 0.428571 0.142857 1.00
0.000000 0.428571 0.142857 -1.00
0.071429 0.500000 0.142857 -1.00
0.071429 0.428571 0.214286 -1.00
0.000000 0.500000 0.214286 -1.00
0.071429 0.500000 0.357143 1.00
0.000000 0.428571 0.357143 1.00
0.000000 0.500000 0.285714 1.00
0.071429 0.428571 0.285714 1.00
0.000000 0.428571 0.285714 -1.00
0.071429 0.500000 0.285714 -1.00
0.071429 0.428571 0.357143 -1.00
0.000000 0.500000 0.357143 -1.00
0.071429 0.500000 0.500000 1.00
0.000000 0.428571 0.500000 1.00
0.000000 0.500000 0.428571 1.00
0.071429 0.428571 0.428571 1.00
0.000000 0.428571 0.428571 -1.00
0.071429 0.500000 0.428571 -1.00
0.071429 0.428571 0.500000 -1.00
0.000000 0.500000 0.500000 -1.00
0.071429 0.500000 0.642857 1.00
0.000000 0.428571 0.642857 1.00
0.000000 0.500000 0.571429 1.00
0.071429 0.428571 0.571429 1.00
0.000000 0.428571 0.571429 -1.00
0.071429 0.500000 0.571429 -1.00
0.071429 0.428571 0.642857 -1.00
0.000000 0.500000 0.642857 -1.00
0.071429 0.500000 0.785714 1.00
0.000000 0.428571 0.785714 1.00
0.000000 0.500000 0.714286 1.00
0.071429 0.428571 0.714286 1.00
0.000000 0.428571 0.714286 -1.00
0.071429 0.500000 0.714286 -1.00
0.071429 0.428571 0.785714 -1.00
0.000000 0.500000 0.785714 -1.00
0.071429 0.500000 0.928571 1.00
0.000000 0.428571 0.928571 1.00
0.000000 0.500000 0.857143 1.00
0.071429 0.428571 0.857143 1.00
0.000000 0.428571 0.857143 -1.00
0.071429 0.500000 0.857143 -1.00
0.071429 0.428571 0.928571 -1.00
0.000000 0.500000 0.928571 -1.00
0.071429 0.642857 0.071429 1.00
0.000000 0.571429 0.071429 1.00
0.000000 0.642857 0.000000 1.00
0.071429 0.571429 0.000000 1.00
0.000000 0.571429 0.000000 -1.00
0.071429 0.642857 0.000000 -1.00
0.071429 0.571429 0.071429 -1.00
0.000000 0.642857 0.071429 -1.00
0.071429 0.642857 0.214286 1.00
0.000000 0.571429 0.214286 1.00
0.000000 0.642857 0.142857 1.00
0.071429 0.571429 0.142857 1.00
0.000000 0.571429 0.142857 -1.00
0.071429 0.642857 0.142857 -1.00
0.071429 0.571429 0.214286 -1.00
0.000000 0.642857 0.214286 -1.00
0.071429 0.642857 0.357143 1.00
0.000000 0.571429 0.357143 1.00
0.000000 0.642857 0.285714 1.00
0.071429 0.571429 0.285714 1.00
0.000000 0.571429 0.285714 -1.00
0.071429 0.642857 0.285714 -1.00
0.071429 0.571429 0.357143 -1.00
0.000000 0.642857 0.357143 -1.00
0.071429 0.642857 0.500000 1.00
0.000000 0.571429 0.500000 1.00
0.000000 0.642857 0.428571 1.00
0.071429 0.571429 0.428571 1.00
0.000000 0.571429 0.428571 -1.00
0.071429 0.642857 0.428571 -1.00
0.071429 0.571429 0.500000 -1.00
0.000000 0.642857 0.500000 -1.00
0.071429 0.642857 0.642857 1.00
0.000000 0.571429 0.642857 1.00
0.000000 0.642857 0.571429 1.00
0.071429 0.571429 0.571429 1.00
0.000000 0.571429 0.571429 -1.00
0.071429 0.642857 0.571429 -1.00
0.071429 0.571429 0.642857 -1.00
0.000000 0.642857 0.642857 -1.00
0.071429 0.642857 0.785714 1.00
0.000000 0.571429 0.785714 1.00
0.000000 0.642857 0.714286 1.00
0.071429 0.571429 0.714286 1.00
0.000000 0.571429 0.714286 -1.00
0.071429 0.642857 0.714286 -1.00
0.071429 0.571429 0.785714 -1.00
0.000000 0.642857 0.785714 -1.00
0.071429 0.642857 0.928571 1.00
0.000000 0.571429 0.928571 1.00
0.000000 0.642857 0.857143 1.00
0.071429 0.571429 0.857143 1.00
0.000000 0.571429 0.857143 -1.00
0.071429 0.642857 0.857143 -1.00
0.071429 0.571429 0.928571 -1.00
0.000000 0.642857 0.928571 -1.00
0.071429 0.785714 0.071429 1.00
0.000000 0.714286 0.071429 1.00
0.000000 0.785714 0.000000 1.00
0.071429 0.714286 0.000000 1.00
0.000000 0.714286 0.000000 -1.00
0.071429 0.785714 0.000000 -1.00
0.071429 0.714286 0.071429 -1.00
0.000000 0.785714 0.071429 -1.00
0.071429 0.785714 0.214286 1.00
0.000000 0.714286 0.214286 1.00
0.000000 0.785714 0.142857 1.00
0.071429 0.714286 0.142857 1.00
0.000000 0.714286 0.142857 -1.00
0.071429 0.785714 0.142857 -1.00
0.071429 0.714286 0.214286 -1.00
0.000000 0.785714 0.214286 -1.00
0.071429 0.785714 0.357143 1.00
0.000000 0.714286 0.357143 1.00
0.000000 0.785714 0.285714 1.00
0.071429 0.714286 0.285714 1.00
0.000000 0.714286 0.285714 -1.00
0.071429 0.785714 0.285714 -1.00
0.071429 0.714286 0.357143 -1.00
0.000000 0.785714 0.357143 -1.00
0.071429 0.785714 0.500000 1.00
0.000000 0.714286 0.500000 1.00
0.000000 0.785714 0.428571 1.00
0.071429 0.714286 0.428571 1.00
0.000000 0.714286 0.428571 -1.00
0.071429 0.785714 0.428571 -1.00
0.071429 0.714286 0.500000 -1.00
0.000000 0.785714 0.500000 -1.00
0.071429 0.785714 0.642857 1.00
0.000000 0.714286 0.642857 1.00
0.000000 0.785714 0.571429 1.00
0.071429 0.714286 0.571429 1.00
0.000000 0.714286 0.571429 -1.00
0.071429 0.785714 0.571429 -1.00
0.071429 0.714286 0.642857 -1.00
0.000000 0.785714 0.642857 -1.00
0.071429 0.785714 0.785714 1.00
0.000000 0.714286 0.785714 1.00
0.000000 0.785714 0.714286 1.00
0.071429 0.714286 0.714286 1.00
0.000000 0.714286 0.714286 -1.00
0.071429 0.785714 0.714286 -1.00
0.071429 0.714286 0.785714 -1.00
0.000000 0.785714 0.785714 -1.00
0.071429 0.785714 0.928571 1.00
0.000000 0.714286 0.928571 1.00
0.000000 0.785714 0.857143 1.00
0.071429 0.714286 0.857143 1.00
0.000000 0.714286 0.857143 -1.00
0.071429 0.785714 0.857143 -1.00
0.071429 0.714286 0.928571 -1.00
0.000000 0.785714 0.928571 -1.00
0.071429 0.928571 0.071429 1.00
0.000000 0.857143 0.071429 1.00
0.000000 0.928571 0.000000 1.00
0.071429 0.857143 0.000000 1.00
0.000000 0.857143 0.000000 -1.00
0.071429 0.928571 0.000000 -1.00
0.071429 0.857143 0.071429 -1.00
0.000000 0.928571 0.071429 -1.00
0.071429 0.928571 0.214286 1.00
0.000000 0.857143 0.214286 1.00
0.000000 0.928571 0.142857 1.00
0.071429 0.857143 0.142857 1.00
0.000000 0.857143 0.142857 -1.00
0.071429 0.928571 0.142857 -1.00
0.071429 0.857143 0.214286 -1.00
0.000000 0.928571 0.214286 -1.00
0.071429 0.928571 0.357143 1.00
0.000000 0.857143 0.357143 1.00
0.000000 0.928571 0.285714 1.00
0.071429 0.857143 0.285714 1.00
0.000000 0.857143 0.285714 -1.00
0.071429 0.928571 0.285714 -1.00
0.071429 0.857143 0.357143 -1.00
0.000000 0.928571 0.357143 -1.00
0.071429 0.928571 0.500000 1.00
0.000000 0.857143 0.500000 1.00
0.000000 0.928571 0.428571 1.00
0.071429 0.857143 0.428571 1.00
0.000000 0.857143 0.428571 -1.00
0.071429 0.928571 0.428571 -1.00
0.071429 0.857143 0.500000 -1.00
0.000000 0.928571 0.500000 -1.00
0.071429 0.928571 0.642857 1.00
0.000000 0.857143 0.642857 1.00
0.000000 0.928571 0.571429 1.00
0.071429 0.857143 0.571429 1.00
0.000000 0.857143 0.571429 -1.00
0.071429 0.928571 0.571429 -1.00
0.071429 0.857143 0.642857 -1.00
0.000000 0.928571 0.642857 -1.00
0.071429 0.928571 0.785714 1.00
0.000000 0.857143 0.785714 1.00
0.000000 0.928571 0.714286 1.00
0.071429 0.857143 0.714286 1.00
0.000000 0.857143 0.714286 -1.00
0.071429 0.928571 0.714286 -1.00
0.071429 0.857143 0.785714 -1.00
0.000000 0.928571 0.785714 -1.00
0.071429 0.928571 0.928571 1.00
0.000000 0.857143 0.928571 1.00
0.000000 0.928571 0.857143 1.00
0.071429 0.857143 0.857143 1.00
0.000000 0.857143 0.857143 -1.00
0.071429 0.928571 0.857143 -1.00
0.071429 0.857143 0.928571 -1.00
0.000000 0.928571 0.928571 -1.00
0.214286 0.071429 0.071429 1.00
0.142857 0.000000 0.071429 1.00
0.142857 0.071429 0.000000 1.00
0.214286 0.000000 0.000000 1.00
0.142857 0.000000 0.000000 -1.00
0.214286 0.071429 0.000000 -1.00
0.214286 0.000000 0.071429 -1.00
0.142857 0.071429 0.071429 -1.00
0.214286 0.071429 0.214286 1.00
0.142857 0.000000 0.214286 1.00
0.142857 0.071429 0.142857 1.00
0.214286 0.000000 0.142857 1.00
0.142857 0.000000 0.142857 -1.00
0.214286 0.071429 0.142857 -1.00
0.214286 0.000000 0.214286 -1.00
0.142857 0.071429 0.214286 -1.00
0.214286 0.071429 0.357143 1.00
0.142857 0.000000 0.357143 1.00
0.142857 0.071429 0.285714 1.00
0.214286 0.000000 0.285714 1.00
0.142857 0.000000 0.285714 -1.00
0.214286 0.071429 0.285714 -1.00
0.214286 0.000000 0.357143 -1.00
0.142857 0.071429 0.357143 -1.00
0.214286 0.071429 0.500000 1.00
0.142857 0.000000 0.500000 1.00
0.142857 0.071429 0.428571 1.00
0.214286 0.000000 0.428571 1.00
0.142857 0.000000 0.428571 -1.00
0.214286 0.071429 0.428571 -1.00
0.214286 0.000000 0.500000 -1.00
0.142857 0.071429 0.500000 -1.00
0.214286 0.071429 0.642857 1.00
0.142857 0.000000 0.642857 1.00
0.142857 0.071429 0.571429 1.00
0.214286 0.000000 0.571429 1.00
0.142857 0.000000 0.571429 -1.00
0.214286 0.071429 0.571429 -1.00
0.214286 0.000000 0.642857 -1.00
0.142857 0.071429 0.642857 -1.00
0.214286 0.071429 0.785714 1.00
0.142857 0.000000 0.785714 1.00
0.142857 0.071429 0.714286 1.00
0.214286 0.000000 0.714286 1.00
0.142857 0.000000 0.714286 -1.00
0.214286 0.071429 0.714286 -1.00
0.214286 0.000000 0.785714 -1.00
0.142857 0.071429 0.785714 -1.00
0.214286 0.071429 0.928571 1.00
0.142857 0.000000 0.928571 1.00
0.142857 0.071429 0.857143 1.00
0.214286 0.000000 0.857143 1.00
0.142857 0.000000 0.857143 -1.00
0.214286 0.071429 0.857143 -1.00
0.214286 0.000000 0.928571 -1.00
0.142857 0.071429 0.928571 -1.00
0.214286 0.214286 0.071429 1.00
0.142857 0.142857 0.071429 1.00
0.142857 0.214286 0.000000 1.00
0.214286 0.142857 0.000000 1.00
0.142857 0.142857 0.000000 -1.00
0.214286 0.214286 0.000000 -1.00
0.214286 0.142857 0.071429 -1.00
0.142857 0.214286 0.071429 -1.00
0.214286 0.214286 0.214286 1.00
0.142857 0.142857 0.214286 1.00
0.142857 0.214286 0.142857 1.00
0.214286 0.142857 0.142857 1.00
0.142857 0.142857 0.142857 -1.00
0.214286 0.214286 0.142857 -1.00
0.214286 0.142857 0.214286 -1.00
0.142857 0.214286 0.214286 -1.00
0.214286 0.214286 0.357143 1.00
0.142857 0.142857 0.357143 1.00
0.142857 0.214286 0.285714 1.00
0.214286 0.142857 0.285714 1.00
0.142857 0.142857 0.285714 -1.00
0.214286 0.214286 0.285714 -1.00
0.214286 0.142857 0.357143 -1.00
0.142857 0.214286 0.357143 -1.00
0.214286 0.214286 0.500000 1.00
0.142857 0.142857 0.500000 1.00
0.142857 0.214286 0.428571 1.00
0.214286 0.142857 0.428571 1.00
0.142857 0.142857 0.428571 -1.00
0.214286 0.214286 0.428571 -1.00
0.214286 0.142857 0.500000 -1.00
0.142857 0.214286 0.500000 -1.00
0.214286 0.214286 0.642857 1.00
0.142857 0.142857 0.642857 1.00
0.142857 0.214286 0.571429 1.00
0.214286 0.142857 0.571429 1.00
0.142857 0.142857 0.571429 -1.00
0.214286 0.214286 0.571429 -1.00
0.214286 0.142857 0.642857 -1.00
0.142857 0.214286 0.642857 -1.00
0.214286 0.214286 0.785714 1.00
0.142857 0.142857 0.785714 1.00
0.142857 0.214286 0.714286 1.00
0.214286 0.142857 0.714286 1.00
0.142857 0.142857 0.714286 -1.00
0.214286 0.214286 0.714286 -1.00
0.214286 0.142857 0.785714 -1.00
0.142857 0.214286 0.785714 -1.00
0.214286 0.214286 0.928571 1.00
0.142857 0.142857 0.928571 1.00
0.142857 0.214286 0.857143 1.00
0.214286 0.142857 0.857143 1.00
0.142857 0.142857 0.857143 -1.00
0.214286 0.214286 0.857143 -1.00
0.214286 0.142857 0.928571 -1.00
0.142857 0.214286 0.928571 -1.00
0.214286 0.357143 0.071429 1.00
0.142857 0.285714 0.071429 1.00
0.142857 0.357143 0.000000 1.00
0.214286 0.285714 0.000000 1.00
0.142857 0.285714 0.000000 -1.00
0.214286 0.357143 0.000000 -1.00
0.214286 0.285714 0.071429 -1.00
0.142857 0.357143 0.071429 -1.00
0.214286 0.357143 0.214286 1.00
0.142857 0.285714 0.214286 1.00
0.142857 0.357143 0.142857 1.00
0.214286 0.285714 0.142857 1.00
0.142857 0.285714 0.142857 -1.00
0.214286 0.357143 0.142857 -1.00
0.214286 0.285714 0.214286 -1.00
0.142857 0.357143 0.214286 -1.00
0.214286 0.357143 0.357143 1.00
0.142857 0.285714 0.357143 1.00
0.142857 0.357143 0.285714 1.00
0.214286 0.285714 0.285714 1.00
0.142857 0.285714 0.285714 -1.00
0.214286 0.357143 0.285714 -1.00
0.214286 0.285714 0.357143 -1.00
0.142857 0.357143 0.357143 -1.00
0.214286 0.357143 0.500000 1.00
0.142857 0.285714 0.500000 1.00
0.142857 0.357143 0.428571 1.00
0.214286 0.285714 0.428571 1.00
0.142857 0.285714 0.428571 -1.00
0.214286 0.357143 0.428571 -1.00
0.214286 0.285714 0.500000 -1.00
0.142857 0.357143 0.500000 -1.00
0.214286 0.357143 0.642857 1.00
0.142857 0.285714 0.642857 1.00
0.142857 0.357143 0.571429 1.00
0.214286 0.285714 0.571429 1.00
0.142857 0.285714 0.571429 -1.00
0.214286 0.357143 0.571429 -1.00
0.214286 0.285714 0.642857 -1.00
0.142857 0.357143 0.642857 -1.00
0.214286 0.357143 0.785714 1.00
0.142857 0.285714 0.785714 1.00
0.142857 0.357143 0.714286 1.00
0.214286 0.285714 0.714286 1.00
0.142857 0.285714 0.714286 -1.00
0.214286 0.357143 0.714286 -1.00
0.214286 0.285714 0.785714 -1.00
0.142857 0.357143 0.785714 -1.00
0.214286 0.357143 0.928571 1.00
0.142857 0.285714 0.928571 1.00
0.142857 0.357143 0.857143 1.00
0.214286 0.285714 0.857143 1.00
0.142857 0.285714 0.857143 -1.00
0.214286 0.357143 0.857143 -1.00
0.214286 0.285714 0.928571 -1.00
0.142857 0.357143 0.928571 -1.00
0.214286 0.500000 0.071429 1.00
0.142857 0.428571 0.071429 1.00
0.142857 0.500000 0.000000 1.00
0.214286 0.428571 0.000000 1.00
0.142857 0.428571 0.000000 -1.00
0.214286 0.500000 0.000000 -1.00
0.214286 0.428571 0.071429 -1.00
0.142857 0.500000 0.071429 -1.00
0.214286 0.500000 0.214286 1.00
0.142857 0.428571 0.214286 1.00
0.142857 0.500000 0.142857 1.00
0.214286 0.428571 0.142857 1.00
0.142857 0.428571 0.142857 -1.00
0.214286 0.500000 0.142857 -1.00
0.214286 0.428571 0.214286 -1.00
0.142857 0.500000 0.214286 -1.00
0.214286 0.500000 0.357143 1.00
0.142857 0.428571 0.357143 1.00
0.142857 0.500000 0.285714 1.00
0.214286 0.428571 0.285714 1.00
0.142857 0.428571 0.285714 -1.00
0.214286 0.500000 0.285714 -1.00
0.214286 0.428571 0.357143 -1.00
0.142857 0.500000 0.357143 -1.00
0.214286 0.500000 0.500000 1.00
0.142857 0.428571 0.500000 1.00
0.142857 0.500000 0.428571 1.00
0.214286 0.428571 0.428571 1.00
0.142857 0.428571 0.428571 -1.00
0.214286 0.500000 0.428571 -1.00
0.214286 0.428571 0.500000 -1.00
0.142857 0.500000 0.500000 -1.00
0.214286 0.500000 0.642857 1.00
0.142857 0.428571 0.642857 1.00
0.142857 0.500000 0.571429 1.00
0.214286 0.428571 0.571429 1.00
0.142857 0.428571 0.571429 -1.00
0.214286 0.500000 0.571429 -1.00
0.214286 0.428571 0.642857 -1.00
0.142857 0.500000 0.642857 -1.00
0.214286 0.500000 0.785714 1.00
0.142857 0.428571 0.785714 1.00
0.142857 0.500000 0.714286 1.00
0.214286 0.428571 0.714286 1.00
0.142857 0.428571 0.714286 -1.00
0.214286 0.500000 0.714286 -1.00
0.214286 0.428571 0.785714 -1.00
0.142857 0.500000 0.785714 -1.00
0.214286 0.500000 0.928571 1.00
0.142857 0.428571 0.928571 1.00
0.142857 0.500000 0.857143 1.00
0.214286 0.428571 0.857143 1.00
0.142857 0.428571 0.857143 -1.00
0.214286 0.500000 0.857143 -1.00
0.214286 0.428571 0.928571 -1.00
0.142857 0.500000 0.928571 -1.00
0.214286 0.642857 0.071429 1.00
0.142857 0.571429 0.071429 1.00
0.142857 0.642857 0.000000 1.00
0.214286 0.571429 0.000000 1.00
0.142857 0.571429 0.000000 -1.00
0.214286 0.642857 0.000000 -1.00
0.214286 0.571429 0.071429 -1.00
0.142857 0.642857 0.071429 -1.00
0.214286 0.642857 0.214286 1.00
0.142857 0.571429 0.214286 1.00
0.142857 0.642857 0.142857 1.00
0.214286 0.571429 0.142857 1.00
0.142857 0.571429 0.142857 -1.00
0.214286 0.642857 0.142857 -1.00
0.214286 0.571429 0.214286 -1.00
0.142857 0.642857 0.214286 -1.00
0.214286 0.642857 0.357143 1.00
0.142857 0.571429 0.357143 1.00
0.142857 0.642857 0.285714 1.00
0.214286 0.571429 0.285714 1.00
0.142857 0.571429 0.285714 -1.00
0.214286 0.642857 0.285714 -1.00
0.214286 0.571429 0.357143 -1.00
0.142857 0.642857 0.357143 -1.00
0.214286 0.642857 0.500000 1.00
0.142857 0.571429 0.500000 1.00
0.142857 0.642857 0.428571 1.00
0.214286 0.571429 0.428571 1.00
0.142857 0.571429 0.428571 -1.00
0.214286 0.642857 0.428571 -1.00
0.214286 0.571429 0.500000 -1.00
0.142857 0.642857 0.500000 -1.00
0.214286 0.642857 0.642857 1.00
0.142857 0.571429 0.642857 1.00
0.142857 0.642857 0.571429 1.00
0.214286 0.571429 0.571429 1.00
0.142857 0.571429 0.571429 -1.00
0.214286 0.642857 0.571429 -1.00
0.214286 0.571429 0.642857 -1.00
0.142857 0.642857 0.642857 -1.00
0.214286 0.642857 0.785714 1.00
0.142857 0.571429 0.785714 1.00
0.142857 0.642857 0.714286 1.00
0.214286 0.571429 0.714286 1.00
0.142857 0.571429 0.714286 -1.00
0.214286 0.642857 0.714286 -1.00
0.214286 0.571429 0.785714 -1.00
0.142857 0.642857 0.785714 -1.00
0.214286 0.642857 0.928571 1.00
0.142857 0.571429 0.928571 1.00
0.142857 0.642857 0.857143 1.00
0.214286 0.571429 0.857143 1.00
0.142857 0.571429 0.857143 -1.00
0.214286 0.642857 0.857143 -1.00
0.214286 0.571429 0.928571 -1.00
0.142857 0.642857 0.928571 -1.00
0.214286 0.785714 0.071429 1.00
0.142857 0.714286 0.071429 1.00
0.142857 0.785714 0.000000 1.00
0.214286 0.714286 0.000000 1.00
0.142857 0.714286 0.000000 -1.00
0.214286 0.785714 0.000000 -1.00
0.214286 0.714286 0.071429 -1.00
0.142857 0.785714 0.071429 -1.00
0.214286 0.785714 0.214286 1.00
0.142857 0.714286 0.214286 1.00
0.142857 0.785714 0.142857 1.00
0.214286 0.714286 0.142857 1.00
0.142857 0.714286 0.142857 -1.00
0.214286 0.785714 0.142857 -1.00
0.214286 0.714286 0.214286 -1.00
0.142857 0.785714 0.214286 -1.00
0.214286 0.785714 0.357143 1.00
0.142857 0.714286 0.357143 1.00
0.142857 0.785714 0.285714 1.00
0.214286 0.714286 0.285714 1.00
0.142857 0.714286 0.285714 -1.00
0.214286 0.785714 0.285714 -1.00
0.214286 0.714286 0.357143 -1.00
0.142857 0.785714 0.357143 -1.00
0.214286 0.785714 0.500000 1.00
0.142857 0.714286 0.500000 1.00
0.142857 0.785714 0.428571 1.00
0.214286 0.714286 0.428571 1.00
0.142857 0.714286 0.428571 -1.00
0.214286 0.785714 0.428571 -1.00
0.214286 0.714286 0.500000 -1.00
0.142857 0.785714 0.500000 -1.00
0.214286 0.785714 0.642857 1.00
0.142857 0.714286 0.642857 1.00
0.142857 0.785714 0.571429 1.00
0.214286 0.714286 0.571429 1.00
0.142857 0.714286 0.571429 -1.00
0.214286 0.785714 0.571429 -1.00
0.214286 0.714286 0.642857 -1.00
0.142857 0.785714 0.642857 -1.00
0.214286 0.785714 0.785714 1.00
0.142857 0.714286 0.785714 1.00
0.142857 0.785714 0.714286 1.00
0.214286 0.714286 0.714286 1.00
0.142857 0.714286 0.714286 -1.00
0.214286 0.785714 0.714286 -1.00
0.214286 0.714286 0.785714 -1.00
0.142857 0.785714 0.785714 -1.00
0.214286 0.785714 0.928571 1.00
0.142857 0.714286 0.928571 1.00
0.142857 0.785714 0.857143 1.00
0.214286 0.714286 0.857143 1.00
0.142857 0.714286 0.857143 -1.00
0.214286 0.785714 0.857143 -1.00
0.214286 0.714286 0.928571 -1.00
0.142857 0.785714 0.928571 -1.00
0.214286 0.928571 0.071429 1.00
0.142857 0.857143 0.071429 1.00
0.142857 0.928571 0.000000 1.00
0.214286 0.857143 0.000000 1.00
0.142857 0.857143 0.000000 -1.00
0.214286 0.928571 0.000000 -1.00
0.214286 0.857143 0.071429 -1.00
0.142857 0.928571 0.071429 -1.00
0.214286 0.928571 0.214286 1.00
0.142857 0.857143 0.214286 1.00
0.142857 0.928571 0.142857 1.00
0.214286 0.857143 0.142857 1.00
0.142857 0.857143 0.142857 -1.00
0.214286 0.928571 0.142857 -1.00
0.214286 0.857143 0.214286 -1.00
0.142857 0.928571 0.214286 -1.00
0.214286 0.928571 0.357143 1.00
0.142857 0.857143 0.357143 1.00
0.142857 0.928571 0.285714 1.00
0.214286 0.857143 0.285714 1.00
0.142857 0.857143 0.285714 -1.00
0.214286 0.928571 0.285714 -1.00
0.214286 0.857143 0.357143 -1.00
0.142857 0.928571 0.357143 -1.00
0.214286 0.928571 0.500000 1.00
0.142857 0.857143 0.500000 1.00
0.142857 0.928571 0.428571 1.00
0.214286 0.857143 0.428571 1.00
0.142857 0.857143 0.428571 -1.00
0.214286 0.928571 0.428571 -1.00
0.214286 0.857143 0.500000 -1.00
0.142857 0.928571 0.500000 -1.00
0.214286 0.928571 0.642857 1.00
0.142857 0.857143 0.642857 1.00
0.142857 0.928571 0.571429 1.00
0.214286 0.857143 0.571429 1.00
0.142857 0.857143 0.571429 -1.00
0.214286 0.928571 0.571429 -1.00
0.214286 0.857143 0.642857 -1.00
0.142857 0.928571 0.642857 -1.00
0.214286 0.928571 0.785714 1.00
0.142857 0.857143 0.785714 1.00
0.142857 0.928571 0.714286 1.00
0.214286 0.857143 0.714286 1.00
0.142857 0.857143 0.714286 -1.00
0.214286 0.928571 0.714286 -1.00
0.214286 0.857143 0.785714 -1.00
0.142857 0.928571 0.785714 -1.00
0.214286 0.928571 0.928571 1.00
0.142857 0.857143 0.928571 1.00
0.142857 0.928571 0.857143 1.00
0.214286 0.857143 0.857143 1.00
0.142857 0.857143 0.857143 -1.00
0.214286 0.928571 0.857143 -1.00
0.214286 0.857143 0.928571 -1.00
0.142857 0.928571 0.928571 -1.00
0.357143 0.071429 0.071429 1.00
0.285714 0.000000 0.071429 1.00
0.285714 0.071429 0.000000 1.00
0.357143 0.000000 0.000000 1.00
0.285714 0.000000 0.000000 -1.00
0.357143 0.071429 0.000000 -1.00
0.357143 0.000000 0.071429 -1.00
0.285714 0.071429 0.071429 -1.00
0.357143 0.071429 0.214286 1.00
0.285714 0.000000 0.214286 1.00
0.285714 0.071429 0.142857 1.00
0.357143 0.000000 0.142857 1.00
0.285714 0.000000 0.142857 -1.00
0.357143 0.071429 0.142857 -1.00
0.357143 0.000000 0.214286 -1.00
0.285714 0.071429 0.214286 -1.00
0.357143 0.071429 0.357143 1.00
0.285714 0.000000 0.357143 1.00
0.285714 0.071429 0.285714 1.00
0.357143 0.000000 0.285714 1.00
0.285714 0.000000 0.285714 -1.00
0.357143 0.071429 0.285714 -1.00
0.357143 0.000000 0.357143 -1.00
0.285714 0.071429 0.357143 -1.00
0.357143 0.071429 0.500000 1.00
0.285714 0.000000 0.500000 1.00
0.285714 0.071429 0.428571 1.00
0.357143 0.000000 0.428571 1.00
0.285714 0.000000 0.428571 -1.00
0.357143 0.071429 0.428571 -1.00
0.357143 0.000000 0.500000 -1.00
0.285714 0.071429 0.500000 -1.00
0.357143 0.071429 0.642857 1.00
0.285714 0.000000 0.642857 1.00
0.285714 0.071429 0.571429 1.00
0.357143 0.000000 0.571429 1.00
0.285714 0.000000 0.571429 -1.00
0.357143 0.071429 0.571429 -1.00
0.357143 0.000000 0.642857 -1.00
0.285714 0.071429 0.642857 -1.00
0.357143 0.071429 0.785714 1.00
0.285714 0.000000 0.785714 1.00
0.285714 0.071429 0.714286 1.00
0.357143 0.000000 0.714286 1.00
0.285714 0.000000 0.714286 -1.00
0.357143 0.071429 0.714286 -1.00
0.357143 0.000000 0.785714 -1.00
0.285714 0.071429 0.785714 -1.00
0.357143 0.071429 0.928571 1.00
0.285714 0.000000 0.928571 1.00
0.285714 0.071429 0.857143 1.00
0.357143 0.000000 0.857143 1.00
0.285714 0.000000 0.857143 -1.00
0.357143 0.071429 0.857143 -1.00
0.357143 0.000000 0.928571 -1.00
0.285714 0.071429 0.928571 -1.00
0.357143 0.214286 0.071429 1.00
0.285714 0.142857 0.071429 1.00
0.285714 0.214286 0.000000 1.00
0.357143 0.142857 0.000000 1.00
0.285714 0.142857 0.000000 -1.00
0.357143 0.214286 0.000000 -1.00
0.357143 0.142857 0.071429 -1.00
0.285714 0.214286 0.071429 -1.00
0.357143 0.214286 0.214286 1.00
0.285714 0.142857 0.214286 1.00
0.285714 0.214286 0.142857 1.00
0.357143 0.142857 0.142857 1.00
0.285714 0.142857 0.142857 -1.00
0.357143 0.214286 0.142857 -1.00
0.357143 0.142857 0.214286 -1.00
0.285714 0.214286 0.214286 -1.00
0.357143 0.214286 0.357143 1.00
0.285714 0.142857 0.357143 1.00
0.285714 0.214286 0.285714 1.00
0.357143 0.142857 0.285714 1.00
0.285714 0.142857 0.285714 -1.00
0.357143 0.214286 0.285714 -1.00
0.357143 0.142857 0.357143 -1.00
0.285714 0.214286 0.357143 -1.00
0.357143 0.214286 0.500000 1.00
0.285714 0.142857 0.500000 1.00
0.285714 0.214286 0.428571 1.00
0.357143 0.142857 0.428571 1.00
0.285714 0.142857 0.428571 -1.00
0.357143 0.214286 0.428571 -1.00
0.357143 0.142857 0.500000 -1.00
0.285714 0.214286 0.500000 -1.00
0.357143 0.214286 0.642857 1.00
0.285714 0.142857 0.642857 1.00
0.285714 0.214286 0.571429 1.00
0.357143 0.142857 0.571429 1.00
0.285714 0.142857 0.571429 -1.00
0.357143 0.214286 0.571429 -1.00
0.357143 0.142857 0.642857 -1.00
0.285714 0.214286 0.642857 -1.00
0.357143 0.214286 0.785714 1.00
0.285714 0.142857 0.785714 1.00
0.285714 0.214286 0.714286 1.00
0.357143 0.142857 0.714286 1.00
0.285714 0.142857 0.714286 -1.00
0.357143 0.214286 0.714286 -1.00
0.357143 0.142857 0.785714 -1.00
0.285714 0.214286 0.785714 -1.00
0.357143 0.214286 0.928571 1.00
0.285714 0.142857 0.928571 1.00
0.285714 0.214286 0.857143 1.00
0.357143 0.142857 0.857143 1.00
0.285714 0.142857 0.857143 -1.00
0.357143 0.214286 0.857143 -1.00
0.357143 0.142857 0.928571 -1.00
0.285714 0.214286 0.928571 -1.00
0.357143 0.357143 0.071429 1.00
0.285714 0.285714 0.071429 1.00
0.285714 0.357143 0.000000 1.00
0.357143 0.285714 0.000000 1.00
0.285714 0.285714 0.000000 -1.00
0.357143 0.357143 0.000000 -1.00
0.357143 0.285714 0.071429 -1.00
0.285714 0.357143 0.071429 -1.00
0.357143 0.357143 0.214286 1.00
0.285714 0.285714 0.214286 1.00
0.285714 0.357143 0.142857 1.00
0.357143 0.285714 0.142857 1.00
0.285714 0.285714 0.142857 -1.00
0.357143 0.357143 0.142857 -1.00
0.357143 0.285714 0.214286 -1.00
0.285714 0.357143 0.214286 -1.00
0.357143 0.357143 0.357143 1.00
0.285714 0.285714 0.357143 1.00
0.285714 0.357143 0.285714 1.00
0.357143 0.285714 0.285714 1.00
0.285714 0.285714 0.285714 -1.00
0.357143 0.357143 0.285714 -1.00
0.357143 0.285714 0.357143 -1.00
0.285714 0.357143 0.357143 -1.00
0.357143 0.357143 0.500000 1.00
0.285714 0.285714 0.500000 1.00
0.285714 0.357143 0.428571 1.00
0.357143 0.285714 0.428571 1.00
0.285714 0.285714 0.428571 -1.00
0.357143 0.357143 0.428571 -1.00
0.357143 0.285714 0.500000 -1.00
0.285714 0.357143 0.500000 -1.00
0.357143 0.357143 0.642857 1.00
0.285714 0.285714 0.642857 1.00
0.285714 0.357143 0.571429 1.00
0.357143 0.285714 0.571429 1.00
0.285714 0.285714 0.571429 -1.00
0.357143 0.357143 0.571429 -1.00
0.357143 0.285714 0.642857 -1.00
0.285714 0.357143 0.642857 -1.00
0.357143 0.357143 0.785714 1.00
0.285714 0.285714 0.785714 1.00
0.285714 0.357143 0.714286 1.00
0.357143 0.285714 0.714286 1.00
0.285714 0.285714 0.714286 -1.00
0.357143 0.357143 0.714286 -1.00
0.357143 0.285714 0.785714 -1.00
0.285714 0.357143 0.785714 -1.00
0.357143 0.357143 0.928571 1.00
0.285714 0.285714 0.928571 1.00
0.285714 0.357143 0.857143 1.00
0.357143 0.285714 0.857143 1.00
0.285714 0.285714 0.857143 -1.00
0.357143 0.357143 0.857143 -1.00
0.357143 0.285714 0.928571 -1.00
0.285714 0.357143 0.928571 -1.00
0.357143 0.500000 0.071429 1.00
0.285714 0.428571 0.071429 1.00
0.285714 0.500000 0.000000 1.00
0.357143 0.428571 0.000000 1.00
0.285714 0.428571 0.000000 -1.00
0.357143 0.500000 0.000000 -1.00
0.357143 0.428571 0.071429 -1.00
0.285714 0.500000 0.071429 -1.00
0.357143 0.500000 0.214286 1.00
0.285714 0.428571 0.214286 1.00
0.285714 0.500000 0.142857 1.00
0.357143 0.428571 0.142857 1.00
0.285714 0.428571 0.142857 -1.00
0.357143 0.500000 0.142857 -1.00
0.357143 0.428571 0.214286 -1.00
0.285714 0.500000 0.214286 -1.00
0.357143 0.500000 0.357143 1.00
0.285714 0.428571 0.357143 1.00
0.285714 0.500000 0.285714 1.00
0.357143 0.428571 0.285714 1.00
0.285714 0.428571 0.285714 -1.00
0.357143 0.500000 0.285714 -1.00
0.357143 0.428571 0.357143 -1.00
0.285714 0.500000 0.357143 -1.00
0.357143 0.500000 0.500000 1.00
0.285714 0.428571 0.500000 1.00
0.285714 0.500000 0.428571 1.00
0.357143 0.428571 0.428571 1.00
0.285714 0.428571 0.428571 -1.00
0.357143 0.500000 0.428571 -1.00
0.357143 0.428571 0.500000 -1.00
0.285714 0.500000 0.500000 -1.00
0.357143 0.500000 0.642857 1.00
0.285714 0.428571 0.642857 1.00
0.285714 0.500000 0.571429 1.00
0.357143 0.428571 0.571429 1.00
0.285714 0.428571 0.571429 -1.00
0.357143 0.500000 0.571429 -1.00
0.357143 0.428571 0.642857 -1.00
0.285714 0.500000 0.642857 -1.00
0.357143 0.500000 0.785714 1.00
0.285714 0.428571 0.785714 1.00
0.285714 0.500000 0.714286 1.00
0.357143 0.428571 0.714286 1.00
0.285714 0.428571 0.714286 -1.00
0.357143 0.500000 0.714286 -1.00
0.357143 0.428571 0.785714 -1.00
0.285714 0.500000 0.785714 -1.00
0.357143 0.500000 0.928571 1.00
0.285714 0.428571 0.928571 1.00
0.285714 0.500000 0.857143 1.00
0.357143 0.428571 0.857143 1.00
0.285714 0.428571 0.857143 -1.00
0.357143 0.500000 0.857143 -1.00
0.357143 0.428571 0.928571 -1.00
0.285714 0.500000 0.928571 -1.00
0.357143 0.642857 0.071429 1.00
0.285714 0.571429 0.071429 1.00
0.285714 0.642857 0.000000 1.00
0.357143 0.571429 0.000000 1.00
0.285714 0.571429 0.000000 -1.00
0.357143 0.642857 0.000000 -1.00
0.357143 0.571429 0.071429 -1.00
0.285714 0.642857 0.071429 -1.00
0.357143 0.642857 0.214286 1.00
0.285714 0.571429 0.214286 1.00
0.285714 0.642857 0.142857 1.00
0.357143 0.571429 0.142857 1.00
0.285714 0.571429 0.142857 -1.00
0.357143 0.642857 0.142857 -1.00
0.357143 0.571429 0.214286 -1.00
0.285714 0.642857 0.214286 -1.00
0.357143 0.642857 0.357143 1.00
0.285714 0.571429 0.357143 1.00
0.285714 0.642857 0.285714 1.00
0.357143 0.571429 0.285714 1.00
0.285714 0.571429 0.285714 -1.00
0.357143 0.642857 0.285714 -1.00
0.357143 0.571429 0.357143 -1.00
0.285714 0.642857 0.357143 -1.00
0.357143 0.642857 0.500000 1.00
0.285714 0.571429 0.500000 1.00
0.285714 0.642857 0.428571 1.00
0.357143 0.571429 0.428571 1.00
0.285714 0.571429 0.428571 -1.00
0.357143 0.642857 0.428571 -1.00
0.357143 0.571429 0.500000 -1.00
0.285714 0.642857 0.500000 -1.00
0.357143 0.642857 0.642857 1.00
0.285714 0.571429 0.642857 1.00
0.285714 0.642857 0.571429 1.00
0.357143 0.571429 0.571429 1.00
0.285714 0.571429 0.571429 -1.00
0.357143 0.642857 0.571429 -1.00
0.357143 0.571429 0.642857 -1.00
0.285714 0.642857 0.642857 -1.00
0.357143 0.642857 0.785714 1.00
0.285714 0.571429 0.785714 1.00
0.285714 0.642857 0.714286 1.00
0.357143 0.571429 0.714286 1.00
0.285714 0.571429 0.714286 -1.00
0.357143 0.642857 0.714286 -1.00
0.357143 0.571429 0.785714 -1.00
0.285714 0.642857 0.785714 -1.00
0.357143 0.642857 0.928571 1.00
0.285714 0.571429 0.928571 1.00
0.285714 0.642857 0.857143 1.00
0.357143 0.571429 0.857143 1.00
0.285714 0.571429 0.857143 -1.00
0.357143 0.642857 0.857143 -1.00
0.357143 0.571429 0.928571 -1.00
0.285714 0.642857 0.928571 -1.00
0.357143 0.785714 0.071429 1.00
0.285714 0.714286 0.071429 1.00
0.285714 0.785714 0.000000 1.00
0.357143 0.714286 0.000000 1.00
0.285714 0.714286 0.000000 -1.00
0.357143 0.785714 0.000000 -1.00
0.357143 0.714286 0.071429 -1.00
0.285714 0.785714 0.071429 -1.00
0.357143 0.785714 0.214286 1.00
0.285714 0.714286 0.214286 1.00
0.285714 0.785714 0.142857 1.00
0.357143 0.714286 0.142857 1.00
0.285714 0.714286 0.142857 -1.00
0.357143 0.785714 0.142857 -1.00
0.357143 0.714286 0.214286 -1.00
0.285714 0.785714 0.214286 -1.00
0.357143 0.785714 0.357143 1.00
0.285714 0.714286 0.357143 1.00
0.285714 0.785714 0.285714 1.00
0.357143 0.714286 0.285714 1.00
0.285714 0.714286 0.285714 -1.00
0.357143 0.785714 0.285714 -1.00
0.357143 0.714286 0.357143 -1.00
0.285714 0.785714 0.357143 -1.00
0.357143 0.785714 0.500000 1.00
0.285714 0.714286 0.500000 1.00
0.285714 0.785714 0.428571 1.00
0.357143 0.714286 0.428571 1.00
0.285714 0.714286 0.428571 -1.00
0.357143 0.785714 0.428571 -1.00
0.357143 0.714286 0.500000 -1.00
0.285714 0.785714 0.500000 -1.00
0.357143 0.785714 0.642857 1.00
0.285714 0.714286 0.642857 1.00
0.285714 0.785714 0.571429 1.00
0.357143 0.714286 0.571429 1.00
0.285714 0.714286 0.571429 -1.00
0.357143 0.785714 0.571429 -1.00
0.357143 0.714286 0.642857 -1.00
0.285714 0.785714 0.642857 -1.00
0.357143 0.785714 0.785714 1.00
0.285714 0.714286 0.785714 1.00
0.285714 0.785714 0.714286 1.00
0.357143 0.714286 0.714286 1.00
0.285714 0.714286 0.714286 -1.00
0.357143 0.785714 0.714286 -1.00
0.357143 0.714286 0.785714 -1.00
0.285714 0.785714 0.785714 -1.00
0.357143 0.785714 0.928571 1.00
0.285714 0.714286 0.928571 1.00
0.285714 0.785714 0.857143 1.00
0.357143 0.714286 0.857143 1.00
0.285714 0.714286 0.857143 -1.00
0.357143 0.785714 0.857143 -1.00
0.357143 0.714286 0.928571 -1.00
0.285714 0.785714 0.928571 -1.00
0.357143 0.928571 0.071429 1.00
0.285714 0.857143 0.071429 1.00
0.285714 0.928571 0.000000 1.00
0.357143 0.857143 0.000000 1.00
0.285714 0.857143 0.000000 -1.00
0.357143 0.928571 0.000000 -1.00
0.357143 0.857143 0.071429 -1.00
0.285714 0.928571 0.071429 -1.00
0.357143 0.928571 0.214286 1.00
0.285714 0.857143 0.214286 1.00
0.285714 0.928571 0.142857 1.00
0.357143 0.857143 0.142857 1.00
0.285714 0.857143 0.142857 -1.00
0.357143 0.928571 0.142857 -1.00
0.357143 0.857143 0.214286 -1.00
0.285714 0.928571 0.214286 -1.00
0.357143 0.928571 0.357143 1.00
0.285714 0.857143 0.357143 1.00
0.285714 0.928571 0.285714 1.00
0.357143 0.857143 0.285714 1.00
0.285714 0.857143 0.285714 -1.00
0.357143 0.928571 0.285714 -1.00
0.357143 0.857143 0.357143 -1.00
0.285714 0.928571 0.357143 -1.00
0.357143 0.928571 0.500000 1.00
0.285714 0.857143 0.500000 1.00
0.285714 0.928571 0.428571 1.00
0.357143 0.857143 0.428571 1.00
0.285714 0.857143 0.428571 -1.00
0.357143 0.928571 0.428571 -1.00
0.357143 0.857143 0.500000 -1.00
0.285714 0.928571 0.500000 -1.00
0.357143 0.928571 0.642857 1.00
0.285714 0.857143 0.642857 1.00
0.285714 0.928571 0.571429 1.00
0.357143 0.857143 0.571429 1.00
0.285714 0.857143 0.571429 -1.00
0.357143 0.928571 0.571429 -1.00
0.357143 0.857143 0.642857 -1.00
0.285714 0.928571 0.642857 -1.00
0.357143 0.928571 0.785714 1.00
0.285714 0.857143 0.785714 1.00
0.285714 0.928571 0.714286 1.00
0.357143 0.857143 0.714286 1.00
0.285714 0.857143 0.714286 -1.00
0.357143 0.928571 0.714286 -1.00
0.357143 0.857143 0.785714 -1.00
0.285714 0.928571 0.785714 -1.00
0.357143 0.928571 0.928571 1.00
0.285714 0.857143 0.928571 1.00
0.285714 0.928571 0.857143 1.00
0.357143 0.857143 0.857143 1.00
0.285714 0.857143 0.857143 -1.00
0.357143 0.928571 0.857143 -1.00
0.357143 0.857143 0.928571 -1.00
0.285714 0.928571 0.928571 -1.00
0.500000 0.071429 0.071429 1.00
0.428571 0.000000 0.071429 1.00
0.428571 0.071429 0.000000 1.00
0.500000 0.000000 0.000000 1.00
0.428571 0.000000 0.000000 -1.00
0.500000 0.071429 0.000000 -1.00
0.500000 0.000000 0.071429 -1.00
0.428571 0.071429 0.071429 -1.00
0.500000 0.071429 0.214286 1.00
0.428571 0.000000 0.214286 1.00
0.428571 0.071429 0.142857 1.00
0.500000 0.000000 0.142857 1.00
0.428571 0.000000 0.142857 -1.00
0.500000 0.071429 0.142857 -1.00
0.500000 0.000000 0.214286 -1.00
0.428571 0.071429 0.214286 -1.00
0.500000 0.071429 0.357143 1.00
0.428571 0.000000 0.357143 1.00
0.428571 0.071429 0.285714 1.00
0.500000 0.000000 0.285714 1.00
0.428571 0.000000 0.285714 -1.00
0.500000 0.071429 0.285714 -1.00
0.500000 0.000000 0.357143 -1.00
0.428571 0.071429 0.357143 -1.00
0.500000 0.071429 0.500000 1.00
0.428571 0.000000 0.500000 1.00
0.428571 0.071429 0.428571 1.00
0.500000 0.000000 0.428571 1.00
0.428571 0.000000 0.428571 -1.00
0.500000 0.071429 0.428571 -1.00
0.500000 0.000000 0.500000 -1.00
0.428571 0.071429 0.500000 -1.00
0.500000 0.071429 0.642857 1.00
0.428571 0.000000 0.642857 1.00
0.428571 0.071429 0.571429 1.00
0.500000 0.000000 0.571429 1.00
0.428571 0.000000 0.571429 -1.00
0.500000 0.071429 0.571429 -1.00
0.500000 0.000000 0.642857 -1.00
0.428571 0.071429 0.642857 -1.00
0.500000 0.071429 0.785714 1.00
0.428571 0.000000 0.785714 1.00
0.428571 0.071429 0.714286 1.00
0.500000 0.000000 0.714286 1.00
0.428571 0.000000 0.714286 -1.00
0.500000 0.071429 0.714286 -1.00
0.500000 0.000000 0.785714 -1.00
0.428571 0.071429 0.785714 -1.00
0.500000 0.071429 0.928571 1.00
0.428571 0.000000 0.928571 1.00
0.428571 0.071429 0.857143 1.00
0.500000 0.000000 0.857143 1.00
0.428571 0.000000 0.857143 -1.00
0.500000 0.071429 0.857143 -1.00
0.500000 0.000000 0.928571 -1.00
0.428571 0.071429 0.928571 -1.00
0.500000 0.214286 0.071429 1.00
0.428571 0.142857 0.071429 1.00
0.428571 0.214286 0.000000 1.00
0.500000 0.142857 0.000000 1.00
0.428571 0.142857 0.000000 -1.00
0.500000 0.214286 0.000000 -1.00
0.500000 0.142857 0.071429 -1.00
0.428571 0.214286 0.071429 -1.00
0.500000 0.214286 0.214286 1.00
0.428571 0.142857 0.214286 1.00
0.428571 0.214286 0.142857 1.00
0.500000 0.142857 0.142857 1.00
0.428571 0.142857 0.142857 -1.00
0.500000 0.214286 0.142857 -1.00
0.500000 0.142857 0.214286 -1.00
0.428571 0.214286 0.214286 -1.00
0.500000 0.214286 0.357143 1.00
0.428571 0.142857 0.357143 1.00
0.428571 0.214286 0.285714 1.00
0.500000 0.142857 0.285714 1.00
0.428571 0.142857 0.285714 -1.00
0.500000 0.214286 0.285714 -1.00
0.500000 0.142857 0.357143 -1.00
0.428571 0.214286 0.357143 -1.00
0.500000 0.214286 0.500000 1.00
0.428571 0.142857 0.500000 1.00
0.428571 0.214286 0.428571 1.00
0.500000 0.142857 0.428571 1.00
0.428571 0.142857 0.428571 -1.00
0.500000 0.214286 0.428571 -1.00
0.500000 0.142857 0.500000 -1.00
0.428571 0.214286 0.500000 -1.00
0.500000 0.214286 0.642857 1.00
0.428571 0.142857 0.642857 1.00
0.428571 0.214286 0.571429 1.00
0.500000 0.142857 0.571429 1.00
0.428571 0.142857 0.571429 -1.00
0.500000 0.214286 0.571429 -1.00
0.500000 0.142857 0.642857 -1.00
0.428571 0.214286 0.642857 -1.00
0.500000 0.214286 0.785714 1.00
0.428571 0.142857 0.785714 1.00
0.428571 0.214286 0.714286 1.00
0.500000 0.142857 0.714286 1.00
0.428571 0.142857 0.714286 -1.00
0.500000 0.214286 0.714286 -1.00
0.500000 0.142857 0.785714 -1.00
0.428571 0.214286 0.785714 -1.00
0.500000 0.214286 0.928571 1.00
0.428571 0.142857 0.928571 1.00
0.428571 0.214286 0.857143 1.00
0.500000 0.142857 0.857143 1.00
0.428571 0.142857 0.857143 -1.00
0.500000 0.214286 0.857143 -1.00
0.500000 0.142857 0.928571 -1.00
0.428571 0.214286 0.928571 -1.00
0.500000 0.357143 0.071429 1.00
0.428571 0.285714 0.071429 1.00
0.428571 0.357143 0.000000 1.00
0.500000 0.285714 0.000000 1.00
0.428571 0.285714 0.000000 -1.00
0.500000 0.357143 0.000000 -1.00
0.500000 0.285714 0.071429 -1.00
0.428571 0.357143 0.071429 -1.00
0.500000 0.357143 0.214286 1.00
0.428571 0.285714 0.214286 1.00
0.428571 0.357143 0.142857 1.00
0.500000 0.285714 0.142857 1.00
0.428571 0.285714 0.142857 -1.00
0.500000 0.357143 0.142857 -1.00
0.500000 0.285714 0.214286 -1.00
0.428571 0.357143 0.214286 -1.00
0.500000 0.357143 0.357143 1.00
0.428571 0.285714 0.357143 1.00
0.428571 0.357143 0.285714 1.00
0.500000 0.285714 0.285714 1.00
0.428571 0.285714 0.285714 -1.00
0.500000 0.357143 0.285714 -1.00
0.500000 0.285714 0.357143 -1.00
0.428571 0.357143 0.357143 -1.00
0.500000 0.357143 0.500000 1.00
0.428571 0.285714 0.500000 1.00
0.428571 0.357143 0.428571 1.00
0.500000 0.285714 0.428571 1.00
0.428571 0.285714 0.428571 -1.00
0.500000 0.357143 0.428571 -1.00
0.500000 0.285714 0.500000 -1.00
0.428571 0.357143 0.500000 -1.00
0.500000 0.357143 0.642857 1.00
0.428571 0.285714 0.642857 1.00
0.428571 0.357143 0.571429 1.00
0.500000 0.285714 0.571429 1.00
0.428571 0.285714 0.571429 -1.00
0.500000 0.357143 0.571429 -1.00
0.500000 0.285714 0.642857 -1.00
0.428571 0.357143 0.642857 -1.00
0.500000 0.357143 0.785714 1.00
0.428571 0.285714 0.785714 1.00
0.428571 0.357143 0.714286 1.00
0.500000 0.285714 0.714286 1.00
0.428571 0.285714 0.714286 -1.00
0.500000 0.357143 0.714286 -1.00
0.500000 0.285714 0.785714 -1.00
0.428571 0.357143 0.785714 -1.00
0.500000 0.357143 0.928571 1.00
0.428571 0.285714 0.928571 1.00
0.428571 0.357143 0.857143 1.00
0.500000 0.285714 0.857143 1.00
0.428571 0.285714 0.857143 -1.00
0.500000 0.357143 0.857143 -1.00
0.500000 0.285714 0.928571 -1.00
0.428571 0.357143 0.928571 -1.00
0.500000 0.500000 0.071429 1.00
0.428571 0.428571 0.071429 1.00
0.428571 0.500000 0.000000 1.00
0.500000 0.428571 0.000000 1.00
0.428571 0.428571 0.000000 -1.00
0.500000 0.500000 0.000000 -1.00
0.500000 0.428571 0.071429 -1.00
0.428571 0.500000 0.071429 -1.00
0.500000 0.500000 0.214286 1.00
0.428571 0.428571 0.214286 1.00
0.428571 0.500000 0.142857 1.00
0.500000 0.428571 0.142857 1.00
0.428571 0.428571 0.142857 -1.00
0.500000 0.500000 0.142857 -1.00
0.500000 0.428571 0.214286 -1.00
0.428571 0.500000 0.214286 -1.00
0.500000 0.500000 0.357143 1.00
0.428571 0.428571 0.357143 1.00
0.428571 0.500000 0.285714 1.00
0.500000 0.428571 0.285714 1.00
0.428571 0.428571 0.285714 -1.00
0.500000 0.500000 0.285714 -1.00
0.500000 0.428571 0.357143 -1.00
0.428571 0.500000 0.357143 -1.00
0.500000 0.500000 0.500000 1.00
0.428571 0.428571 0.500000 1.00
0.428571 0.500000 0.428571 1.00
0.500000 0.428571 0.428571 1.00
0.428571 0.428571 0.428571 -1.00
0.500000 0.500000 0.428571 -1.00
0.500000 0.428571 0.500000 -1.00
0.428571 0.500000 0.500000 -1.00
0.500000 0.500000 0.642857 1.00
0.428571 0.428571 0.642857 1.00
0.428571 0.500000 0.571429 1.00
0.500000 0.428571 0.571429 1.00
0.428571 0.428571 0.571429 -1.00
0.500000 0.500000 0.571429 -1.00
0.500000 0.428571 0.642857 -1.00
0.428571 0.500000 0.642857 -1.00
0.500000 0.500000 0.785714 1.00
0.428571 0.428571 0.785714 1.00
0.428571 0.500000 0.714286 1.00
0.500000 0.428571 0.714286 1.00
0.428571 0.428571 0.714286 -1.00
0.500000 0.500000 0.714286 -1.00
0.500000 0.428571 0.785714 -1.00
0.428571 0.500000 0.785714 -1.00
0.500000 0.500000 0.928571 1.00
0.428571 0.428571 0.928571 1.00
0.428571 0.500000 0.857143 1.00
0.500000 0.428571 0.857143 1.00
0.428571 0.428571 0.857143 -1.00
0.500000 0.500000 0.857143 -1.00
0.500000 0.428571 0.928571 -1.00
0.428571 0.500000 0.928571 -1.00
0.500000 0.642857 0.071429 1.00
0.428571 0.571429 0.071429 1.00
0.428571 0.642857 0.000000 1.00
0.500000 0.571429 0.000000 1.00
0.428571 0.571429 0.000000 -1.00
0.500000 0.642857 0.000000 -1.00
0.500000 0.571429 0.071429 -1.00
0.428571 0.642857 0.071429 -1.00
0.500000 0.642857 0.214286 1.00
0.428571 0.571429 0.214286 1.00
0.428571 0.642857 0.142857 1.00
0.500000 0.571429 0.142857 1.00
0.428571 0.571429 0.142857 -1.00
0.500000 0.642857 0.142857 -1.00
0.500000 0.571429 0.214286 -1.00
0.428571 0.642857 0.214286 -1.00
0.500000 0.642857 0.357143 1.00
0.428571 0.571429 0.357143 1.00
0.428571 0.642857 0.285714 1.00
0.500000 0.571429 0.285714 1.00
0.428571 0.571429 0.285714 -1.00
0.500000 0.642857 0.285714 -1.00
0.500000 0.571429 0.357143 -1.00
0.428571 0.642857 0.357143 -1.00
0.500000 0.642857 0.500000 1.00
0.428571 0.571429 0.500000 1.00
0.428571 0.642857 0.428571 1.00
0.500000 0.571429 0.428571 1.00
0.428571 0.571429 0.428571 -1.00
0.500000 0.642857 0.428571 -1.00
0.500000 0.571429 0.500000 -1.00
0.428571 0.642857 0.500000 -1.00
0.500000 0.642857 0.642857 1.00
0.428571 0.571429 0.642857 1.00
0.428571 0.642857 0.571429 1.00
0.500000 0.571429 0.571429 1.00
0.428571 0.571429 0.571429 -1.00
0.500000 0.642857 0.571429 -1.00
0.500000 0.571429 0.642857 -1.00
0.428571 0.642857 0.642857 -1.00
0.500000 0.642857 0.785714 1.00
0.428571 0.571429 0.785714 1.00
0.428571 0.642857 0.714286 1.00
0.500000 0.571429 0.714286 1.00
0.428571 0.571429 0.714286 -1.00
0.500000 0.642857 0.714286 -1.00
0.500000 0.571429 0.785714 -1.00
0.428571 0.642857 0.785714 -1.00
0.500000 0.642857 0.928571 1.00
0.428571 0.571429 0.928571 1.00
0.428571 0.642857 0.857143 1.00
0.500000 0.571429 0.857143 1.00
0.428571 0.571429 0.857143 -1.00
0.500000 0.642857 0.857143 -1.00
0.500000 0.571429 0.928571 -1.00
0.428571 0.642857 0.928571 -1.00
0.500000 0.785714 0.071429 1.00
0.428571 0.714286 0.071429 1.00
0.428571 0.785714 0.000000 1.00
0.500000 0.714286 0.000000 1.00
0.428571 0.714286 0.000000 -1.00
0.500000 0.785714 0.000000 -1.00
0.500000 0.714286 0.071429 -1.00
0.428571 0.785714 0.071429 -1.00
0.500000 0.785714 0.214286 1.00
0.428571 0.714286 0.214286 1.00
0.428571 0.785714 0.142857 1.00
0.500000 0.714286 0.142857 1.00
0.428571 0.714286 0.142857 -1.00
0.500000 0.785714 0.142857 -1.00
0.500000 0.714286 0.214286 -1.00
0.428571 0.785714 0.214286 -1.00
0.500000 0.785714 0.357143 1.00
0.428571 0.714286 0.357143 1.00
0.428571 0.785714 0.285714 1.00
0.500000 0.714286 0.285714 1.00
0.428571 0.714286 0.285714 -1.00
0.500000 0.785714 0.285714 -1.00
0.500000 0.714286 0.357143 -1.00
0.428571 0.785714 0.357143 -1.00
0.500000 0.785714 0.500000 1.00
0.428571 0.714286 0.500000 1.00
0.428571 0.785714 0.428571 1.00
0.500000 0.714286 0.428571 1.00
0.428571 0.714286 0.428571 -1.00
0.500000 0.785714 0.428571 -1.00
0.500000 0.714286 0.500000 -1.00
0.428571 0.785714 0.500000 -1.00
0.500000 0.785714 0.642857 1.00
0.428571 0.714286 0.642857 1.00
0.428571 0.785714 0.571429 1.00
0.500000 0.714286 0.571429 1.00
0.428571 0.714286 0.571429 -1.00
0.500000 0.785714 0.571429 -1.00
0.500000 0.714286 0.642857 -1.00
0.428571 0.785714 0.642857 -1.00
0.500000 0.785714 0.785714 1.00
0.428571 0.714286 0.785714 1.00
0.428571 0.785714 0.714286 1.00
0.500000 0.714286 0.714286 1.00
0.428571 0.714286 0.714286 -1.00
0.500000 0.785714 0.714286 -1.00
0.500000 0.714286 0.785714 -1.00
0.428571 0.785714 0.785714 -1.00
0.500000 0.785714 0.928571 1.00
0.428571 0.714286 0.928571 1.00
0.428571 0.785714 0.857143 1.00
0.500000 0.714286 0.857143 1.00
0.428571 0.714286 0.857143 -1.00
0.500000 0.785714 0.857143 -1.00
0.500000 0.714286 0.928571 -1.00
0.428571 0.785714 0.928571 -1.00
0.500000 0.928571 0.071429 1.00
0.428571 0.857143 0.071429 1.00
0.428571 0.928571 0.000000 1.00
0.500000 0.857143 0.000000 1.00
0.428571 0.857143 0.000000 -1.00
0.500000 0.928571 0.000000 -1.00
0.500000 0.857143 0.071429 -1.00
0.428571 0.928571 0.071429 -1.00
0.500000 0.928571 0.214286 1.00
0.428571 0.857143 0.214286 1.00
0.428571 0.928571 0.142857 1.00
0.500000 0.857143 0.142857 1.00
0.428571 0.857143 0.142857 -1.00
0.500000 0.928571 0.142857 -1.00
0.500000 0.857143 0.214286 -1.00
0.428571 0.928571 0.214286 -1.00
0.500000 0.928571 0.357143 1.00
0.428571 0.857143 0.357143 1.00
0.428571 0.928571 0.285714 1.00
0.500000 0.857143 0.285714 1.00
0.428571 0.857143 0.285714 -1.00
0.500000 0.928571 0.285714 -1.00
0.500000 0.857143 0.357143 -1.00
0.428571 0.928571 0.357143 -1.00
0.500000 0.928571 0.500000 1.00
0.428571 0.857143 0.500000 1.00
0.428571 0.928571 0.428571 1.00
0.500000 0.857143 0.428571 1.00
0.428571 0.857143 0.428571 -1.00
0.500000 0.928571 0.428571 -1.00
0.500000 0.857143 0.500000 -1.00
0.428571 0.928571 0.500000 -1.00
0.500000 0.928571 0.642857 1.00
0.428571 0.857143 0.642857 1.00
0.428571 0.928571 0.571429 1.00
0.500000 0.857143 0.571429 1.00
0.428571 0.857143 0.571429 -1.00
0.500000 0.928571 0.571429 -1.00
0.500000 0.857143 0.642857 -1.00
0.428571 0.928571 0.642857 -1.00
0.500000 0.928571 0.785714 1.00
0.428571 0.857143 0.785714 1.00
0.428571 0.928571 0.714286 1.00
0.500000 0.857143 0.714286 1.00
0.428571 0.857143 0.714286 -1.00
0.500000 0.928571 0.714286 -1.00
0.500000 0.857143 0.785714 -1.00
0.428571 0.928571 0.785714 -1.00
0.500000 0.928571 0.928571 1.00
0.428571 0.857143 0.928571 1.00
0.428571 0.928571 0.857143 1.00
0.500000 0.857143 0.857143 1.00
0.428571 0.857143 0.857143 -1.00
0.500000 0.928571 0.857143 -1.00
0.500000 0.857143 0.928571 -1.00
0.428571 0.928571 0.928571 -1.00
0.642857 0.071429 0.071429 1.00
0.571429 0.000000 0.071429 1.00
0.571429 0.071429 0.000000 1.00
0.642857 0.000000 0.000000 1.00
0.571429 0.000000 0.000000 -1.00
0.642857 0.071429 0.000000 -1.00
0.642857 0.000000 0.071429 -1.00
0.571429 0.071429 0.071429 -1.00
0.642857 0.071429 0.214286 1.00
0.571429 0.000000 0.214286 1.00
0.571429 0.071429 0.142857 1.00
0.642857 0.000000 0.142857 1.00
0.571429 0.000000 0.142857 -1.00
0.642857 0.071429 0.142857 -1.00
0.642857 0.000000 0.214286 -1.00
0.571429 0.071429 0.214286 -1.00
0.642857 0.071429 0.357143 1.00
0.571429 0.000000 0.357143 1.00
0.571429 0.071429 0.285714 1.00
0.642857 0.000000 0.285714 1.00
0.571429 0.000000 0.285714 -1.00
0.642857 0.071429 0.285714 -1.00
0.642857 0.000000 0.357143 -1.00
0.571429 0.071429 0.357143 -1.00
0.642857 0.071429 0.500000 1.00
0.571429 0.000000 0.500000 1.00
0.571429 0.071429 0.428571 1.00
0.642857 0.000000 0.428571 1.00
0.571429 0.000000 0.428571 -1.00
0.642857 0.071429 0.428571 -1.00
0.642857 0.000000 0.500000 -1.00
0.571429 0.071429 0.500000 -1.00
0.642857 0.071429 0.642857 1.00
0.571429 0.000000 0.642857 1.00
0.571429 0.071429 0.571429 1.00
0.642857 0.000000 0.571429 1.00
0.571429 0.000000 0.571429 -1.00
0.642857 0.071429 0.571429 -1.00
0.642857 0.000000 0.642857 -1.00
0.571429 0.071429 0.642857 -1.00
0.642857 0.071429 0.785714 1.00
0.571429 0.000000 0.785714 1.00
0.571429 0.071429 0.714286 1.00
0.642857 0.000000 0.714286 1.00
0.571429 0.000000 0.714286 -1.00
0.642857 0.071429 0.714286 -1.00
0.642857 0.000000 0.785714 -1.00
0.571429 0.071429 0.785714 -1.00
0.642857 0.071429 0.928571 1.00
0.571429 0.000000 0.928571 1.00
0.571429 0.071429 0.857143 1.00
0.642857 0.000000 0.857143 1.00
0.571429 0.000000 0.857143 -1.00
0.642857 0.071429 0.857143 -1.00
0.642857 0.000000 0.928571 -1.00
0.571429 0.071429 0.928571 -1.00
0.642857 0.214286 0.071429 1.00
0.571429 0.142857 0.071429 1.00
0.571429 0.214286 0.000000 1.00
0.642857 0.142857 0.000000 1.00
0.571429 0.142857 0.000000 -1.00
0.642857 0.214286 0.000000 -1.00
0.642857 0.142857 0.071429 -1.00
0.571429 0.214286 0.071429 -1.00
0.642857 0.214286 0.214286 1.00
0.571429 0.142857 0.214286 1.00
0.571429 0.214286 0.142857 1.00
0.642857 0.142857 0.142857 1.00
0.571429 0.142857 0.142857 -1.00
0.642857 0.214286 0.142857 -1.00
0.642857 0.142857 0.214286 -1.00
0.571429 0.214286 0.214286 -1.00
0.642857 0.214286 0.357143 1.00
0.571429 0.142857 0.357143 1.00
0.571429 0.214286 0.285714 1.00
0.642857 0.142857 0.285714 1.00
0.571429 0.142857 0.285714 -1.00
0.642857 0.214286 0.285714 -1.00
0.642857 0.142857 0.357143 -1.00
0.571429 0.214286 0.357143 -1.00
0.642857 0.214286 0.500000 1.00
0.571429 0.142857 0.500000 1.00
0.571429 0.214286 0.428571 1.00
0.642857 0.142857 0.428571 1.00
0.571429 0.142857 0.428571 -1.00
0.642857 0.214286 0.428571 -1.00
0.642857 0.142857 0.500000 -1.00
0.571429 0.214286 0.500000 -1.00
0.642857 0.214286 0.642857 1.00
0.571429 0.142857 0.642857 1.00
0.571429 0.214286 0.571429 1.00
0.642857 0.142857 0.571429 1.00
0.571429 0.142857 0.571429 -1.00
0.642857 0.214286 0.571429 -1.00
0.642857 0.142857 0.642857 -1.00
0.571429 0.214286 0.642857 -1.00
0.642857 0.214286 0.785714 1.00
0.571429 0.142857 0.785714 1.00
0.571429 0.214286 0.714286 1.00
0.642857 0.142857 0.714286 1.00
0.571429 0.142857 0.714286 -1.00
0.642857 0.214286 0.714286 -1.00
0.642857 0.142857 0.785714 -1.00
0.571429 0.214286 0.785714 -1.00
0.642857 0.214286 0.928571 1.00
0.571429 0.142857 0.928571 1.00
0.571429 0.214286 0.857143 1.00
0.642857 0.142857 0.857143 1.00
0.571429 0.142857 0.857143 -1.00
0.642857 0.214286 0.857143 -1.00
0.642857 0.142857 0.928571 -1.00
0.571429 0.214286 0.928571 -1.00
0.642857 0.357143 0.071429 1.00
0.571429 0.285714 0.071429 1.00
0.571429 0.357143 0.000000 1.00
0.642857 0.285714 0.000000 1.00
0.571429 0.285714 0.000000 -1.00
0.642857 0.357143 0.000000 -1.00
0.642857 0.285714 0.071429 -1.00
0.571429 0.357143 0.071429 -1.00
0.642857 0.357143 0.214286 1.00
0.571429 0.285714 0.214286 1.00
0.571429 0.357143 0.142857 1.00
0.642857 0.285714 0.142857 1.00
0.571429 0.285714 0.142857 -1.00
0.642857 0.357143 0.142857 -1.00
0.642857 0.285714 0.214286 -1.00
0.571429 0.357143 0.214286 -1.00
0.642857 0.357143 0.357143 1.00
0.571429 0.285714 0.357143 1.00
0.571429 0.357143 0.285714 1.00
0.642857 0.285714 0.285714 1.00
0.571429 0.285714 0.285714 -1.00
0.642857 0.357143 0.285714 -1.00
0.642857 0.285714 0.357143 -1.00
0.571429 0.357143 0.357143 -1.00
0.642857 0.357143 0.500000 1.00
0.571429 0.285714 0.500000 1.00
0.571429 0.357143 0.428571 1.00
0.642857 0.285714 0.428571 1.00
0.571429 0.285714 0.428571 -1.00
0.642857 0.357143 0.428571 -1.00
0.642857 0.285714 0.500000 -1.00
0.571429 0.357143 0.500000 -1.00
0.642857 0.357143 0.642857 1.00
0.571429 0.285714 0.642857 1.00
0.571429 0.357143 0.571429 1.00
0.642857 0.285714 0.571429 1.00
0.571429 0.285714 0.571429 -1.00
0.642857 0.357143 0.571429 -1.00
0.642857 0.285714 0.642857 -1.00
0.571429 0.357143 0.642857 -1.00
0.642857 0.357143 0.785714 1.00
0.571429 0.285714 0.785714 1.00
0.571429 0.357143 0.714286 1.00
0.642857 0.285714 0.714286 1.00
0.571429 0.285714 0.714286 -1.00
0.642857 0.357143 0.714286 -1.00
0.642857 0.285714 0.785714 -1.00
0.571429 0.357143 0.785714 -1.00
0.642857 0.357143 0.928571 1.00
0.571429 0.285714 0.928571 1.00
0.571429 0.357143 0.857143 1.00
0.642857 0.285714 0.857143 1.00
0.571429 0.285714 0.857143 -1.00
0.642857 0.357143 0.857143 -1.00
0.642857 0.285714 0.928571 -1.00
0.571429 0.357143 0.928571 -1.00
0.642857 0.500000 0.071429 1.00
0.571429 0.428571 0.071429 1.00
0.571429 0.500000 0.000000 1.00
0.642857 0.428571 0.000000 1.00
0.571429 0.428571 0.000000 -1.00
0.642857 0.500000 0.000000 -1.00
0.642857 0.428571 0.071429 -1.00
0.571429 0.500000 0.071429 -1.00
0.642857 0.500000 0.214286 1.00
0.571429 0.428571 0.214286 1.00
0.571429 0.500000 0.142857 1.00
0.642857 0.428571 0.142857 1.00
0.571429 0.428571 0.142857 -1.00
0.642857 0.500000 0.142857 -1.00
0.642857 0.428571 0.214286 -1.00
0.571429 0.500000 0.214286 -1.00
0.642857 0.500000 0.357143 1.00
0.571429 0.428571 0.357143 1.00
0.571429 0.500000 0.285714 1.00
0.642857 0.428571 0.285714 1.00
0.571429 0.428571 0.285714 -1.00
0.642857 0.500000 0.285714 -1.00
0.642857 0.428571 0.357143 -1.00
0.571429 0.500000 0.357143 -1.00
0.642857 0.500000 0.500000 1.00
0.571429 0.428571 0.500000 1.00
0.571429 0.500000 0.428571 1.00
0.642857 0.428571 0.428571 1.00
0.571429 0.428571 0.428571 -1.00
0.642857 0.500000 0.428571 -1.00
0.642857 0.428571 0.500000 -1.00
0.571429 0.500000 0.500000 -1.00
0.642857 0.500000 0.642857 1.00
0.571429 0.428571 0.642857 1.00
0.571429 0.500000 0.571429 1.00
0.642857 0.428571 0.571429 1.00
0.571429 0.428571 0.571429 -1.00
0.642857 0.500000 0.571429 -1.00
0.642857 0.428571 0.642857 -1.00
0.571429 0.500000 0.642857 -1.00
0.642857 0.500000 0.785714 1.00
0.571429 0.428571 0.785714 1.00
0.571429 0.500000 0.714286 1.00
0.642857 0.428571 0.714286 1.00
0.571429 0.428571 0.714286 -1.00
0.642857 0.500000 0.714286 -1.00
0.642857 0.428571 0.785714 -1.00
0.571429 0.500000 0.785714 -1.00
0.642857 0.500000 0.928571 1.00
0.571429 0.428571 0.928571 1.00
0.571429 0.500000 0.857143 1.00
0.642857 0.428571 0.857143 1.00
0.571429 0.428571 0.857143 -1.00
0.642857 0.500000 0.857143 -1.00
0.642857 0.428571 0.928571 -1.00
0.571429 0.500000 0.928571 -1.00
0.642857 0.642857 0.071429 1.00
0.571429 0.571429 0.071429 1.00
0.571429 0.642857 0.000000 1.00
0.642857 0.571429 0.000000 1.00
0.571429 0.571429 0.000000 -1.00
0.642857 0.642857 0.000000 -1.00
0.642857 0.571429 0.071429 -1.00
0.571429 0.642857 0.071429 -1.00
0.642857 0.642857 0.214286 1.00
0.571429 0.571429 0.214286 1.00
0.571429 0.642857 0.142857 1.00
0.642857 0.571429 0.142857 1.00
0.571429 0.571429 0.142857 -1.00
0.642857 0.642857 0.142857 -1.00
0.642857 0.571429 0.214286 -1.00
0.571429 0.642857 0.214286 -1.00
0.642857 0.642857 0.357143 1.00
0.571429 0.571429 0.357143 1.00
0.571429 0.642857 0.285714 1.00
0.642857 0.571429 0.285714 1.00
0.571429 0.571429 0.285714 -1.00
0.642857 0.642857 0.285714 -1.00
0.642857 0.571429 0.357143 -1.00
0.571429 0.642857 0.357143 -1.00
0.642857 0.642857 0.500000 1.00
0.571429 0.571429 0.500000 1.00
0.571429 0.642857 0.428571 1.00
0.642857 0.571429 0.428571 1.00
0.571429 0.571429 0.428571 -1.00
0.642857 0.642857 0.428571 -1.00
0.642857 0.571429 0.500000 -1.00
0.571429 0.642857 0.500000 -1.00
0.642857 0.642857 0.642857 1.00
0.571429 0.571429 0.642857 1.00
0.571429 0.642857 0.571429 1.00
0.642857 0.571429 0.571429 1.00
0.571429 0.571429 0.571429 -1.00
0.642857 0.642857 0.571429 -1.00
0.642857 0.571429 0.642857 -1.00
0.571429 0.642857 0.642857 -1.00
0.642857 0.642857 0.785714 1.00
0.571429 0.571429 0.785714 1.00
0.571429 0.642857 0.714286 1.00
0.642857 0.571429 0.714286 1.00
0.571429 0.571429 0.714286 -1.00
0.642857 0.642857 0.714286 -1.00
0.642857 0.571429 0.785714 -1.00
0.571429 0.642857 0.785714 -1.00
0.642857 0.642857 0.928571 1.00
0.571429 0.571429 0.928571 1.00
0.571429 0.642857 0.857143 1.00
0.642857 0.571429 0.857143 1.00
0.571429 0.571429 0.857143 -1.00
0.642857 0.642857 0.857143 -1.00
0.642857 0.571429 0.928571 -1.00
0.571429 0.642857 0.928571 -1.00
0.642857 0.785714 0.071429 1.00
0.571429 0.714286 0.071429 1.00
0.571429 0.785714 0.000000 1.00
0.642857 0.714286 0.000000 1.00
0.571429 0.714286 0.000000 -1.00
0.642857 0.785714 0.000000 -1.00
0.642857 0.714286 0.071429 -1.00
0.571429 0.785714 0.071429 -1.00
0.642857 0.785714 0.214286 1.00
0.571429 0.714286 0.214286 1.00
0.571429 0.785714 0.142857 1.00
0.642857 0.714286 0.142857 1.00
0.571429 0.714286 0.142857 -1.00
0.642857 0.785714 0.142857 -1.00
0.642857 0.714286 0.214286 -1.00
0.571429 0.785714 0.214286 -1.00
0.642857 0.785714 0.357143 1.00
0.571429 0.714286 0.357143 1.00
0.571429 0.785714 0.285714 1.00
0.642857 0.714286 0.285714 1.00
0.571429 0.714286 0.285714 -1.00
0.642857 0.785714 0.285714 -1.00
0.642857 0.714286 0.357143 -1.00
0.571429 0.785714 0.357143 -1.00
0.642857 0.785714 0.500000 1.00
0.571429 0.714286 0.500000 1.00
0.571429 0.785714 0.428571 1.00
0.642857 0.714286 0.428571 1.00
0.571429 0.714286 0.428571 -1.00
0.642857 0.785714 0.428571 -1.00
0.642857 0.714286 0.500000 -1.00
0.571429 0.785714 0.500000 -1.00
0.642857 0.785714 0.642857 1.00
0.571429 0.714286 0.642857 1.00
0.571429 0.785714 0.571429 1.00
0.642857 0.714286 0.571429 1.00
0.571429 0.714286 0.571429 -1.00
0.642857 0.785714 0.571429 -1.00
0.642857 0.714286 0.642857 -1.00
0.571429 0.785714 0.642857 -1.00
0.642857 0.785714 0.785714 1.00
0.571429 0.714286 0.785714 1.00
0.571429 0.785714 0.714286 1.00
0.642857 0.714286 0.714286 1.00
0.571429 0.714286 0.714286 -1.00
0.642857 0.785714 0.714286 -1.00
0.642857 0.714286 0.785714 -1.00
0.571429 0.785714 0.785714 -1.00
0.642857 0.785714 0.928571 1.00
0.571429 0.714286 0.928571 1.00
0.571429 0.785714 0.857143 1.00
0.642857 0.714286 0.857143 1.00
0.571429 0.714286 0.857143 -1.00
0.642857 0.785714 0.857143 -1.00
0.642857 0.714286 0.928571 -1.00
0.571429 0.785714 0.928571 -1.00
0.642857 0.928571 0.071429 1.00
0.571429 0.857143 0.071429 1.00
0.571429 0.928571 0.000000 1.00
0.642857 0.857143 0.000000 1.00
0.571429 0.857143 0.000000 -1.00
0.642857 0.928571 0.000000 -1.00
0.642857 0.857143 0.071429 -1.00
0.571429 0.928571 0.071429 -1.00
0.642857 0.928571 0.214286 1.00
0.571429 0.857143 0.214286 1.00
0.571429 0.928571 0.142857 1.00
0.642857 0.857143 0.142857 1.00
0.571429 0.857143 0.142857 -1.00
0.642857 0.928571 0.142857 -1.00
0.642857 0.857143 0.214286 -1.00
0.571429 0.928571 0.214286 -1.00
0.642857 0.928571 0.357143 1.00
0.571429 0.857143 0.357143 1.00
0.571429 0.928571 0.285714 1.00
0.642857 0.857143 0.285714 1.00
0.571429 0.857143 0.285714 -1.00
0.642857 0.928571 0.285714 -1.00
0.642857 0.857143 0.357143 -1.00
0.571429 0.928571 0.357143 -1.00
0.642857 0.928571 0.500000 1.00
0.571429 0.857143 0.500000 1.00
0.571429 0.928571 0.428571 1.00
0.642857 0.857143 0.428571 1.00
0.571429 0.857143 0.428571 -1.00
0.642857 0.928571 0.428571 -1.00
0.642857 0.857143 0.500000 -1.00
0.571429 0.928571 0.500000 -1.00
0.642857 0.928571 0.642857 1.00
0.571429 0.857143 0.642857 1.00
0.571429 0.928571 0.571429 1.00
0.642857 0.857143 0.571429 1.00
0.571429 0.857143 0.571429 -1.00
0.642857 0.928571 0.571429 -1.00
0.642857 0.857143 0.642857 -1.00
0.571429 0.928571 0.642857 -1.00
0.642857 0.928571 0.785714 1.00
0.571429 0.857143 0.785714 1.00
0.571429 0.928571 0.714286 1.00
0.642857 0.857143 0.714286 1.00
0.571429 0.857143 0.714286 -1.00
0.642857 0.928571 0.714286 -1.00
0.642857 0.857143 0.785714 -1.00
0.571429 0.928571 0.785714 -1.00
0.642857 0.928571 0.928571 1.00
0.571429 0.857143 0.928571 1.00
0.571429 0.928571 0.857143 1.00
0.642857 0.857143 0.857143 1.00
0.571429 0.857143 0.857143 -1.00
0.642857 0.928571 0.857143 -1.00
0.642857 0.857143 0.928571 -1.00
0.571429 0.928571 0.928571 -1.00
0.785714 0.071429 0.071429 1.00
0.714286 0.000000 0.071429 1.00
0.714286 0.071429 0.000000 1.00
0.785714 0.000000 0.000000 1.00
0.714286 0.000000 0.000000 -1.00
0.785714 0.071429 0.000000 -1.00
0.785714 0.000000 0.071429 -1.00
0.714286 0.071429 0.071429 -1.00
0.785714 0.071429 0.214286 1.00
0.714286 0.000000 0.214286 1.00
0.714286 0.071429 0.142857 1.00
0.785714 0.000000 0.142857 1.00
0.714286 0.000000 0.142857 -1.00
0.785714 0.071429 0.142857 -1.00
0.785714 0.000000 0.214286 -1.00
0.714286 0.071429 0.214286 -1.00
0.785714 0.071429 0.357143 1.00
0.714286 0.000000 0.357143 1.00
0.714286 0.071429 0.285714 1.00
0.785714 0.000000 0.285714 1.00
0.714286 0.000000 0.285714 -1.00
0.785714 0.071429 0.285714 -1.00
0.785714 0.000000 0.357143 -1.00
0.714286 0.071429 0.357143 -1.00
0.785714 0.071429 0.500000 1.00
0.714286 0.000000 0.500000 1.00
0.714286 0.071429 0.428571 1.00
0.785714 0.000000 0.428571 1.00
0.714286 0.000000 0.428571 -1.00
0.785714 0.071429 0.428571 -1.00
0.785714 0.000000 0.500000 -1.00
0.714286 0.071429 0.500000 -1.00
0.785714 0.071429 0.642857 1.00
0.714286 0.000000 0.642857 1.00
0.714286 0.071429 0.571429 1.00
0.785714 0.000000 0.571429 1.00
0.714286 0.000000 0.571429 -1.00
0.785714 0.071429 0.571429 -1.00
0.785714 0.000000 0.642857 -1.00
0.714286 0.071429 0.642857 -1.00
0.785714 0.071429 0.785714 1.00
0.714286 0.000000 0.785714 1.00
0.714286 0.071429 0.714286 1.00
0.785714 0.000000 0.714286 1.00
0.714286 0.000000 0.714286 -1.00
0.785714 0.071429 0.714286 -1.00
0.785714 0.000000 0.785714 -1.00
0.714286 0.071429 0.785714 -1.00
0.785714 0.071429 0.928571 1.00
0.714286 0.000000 0.928571 1.00
0.714286 0.071429 0.857143 1.00
0.785714 0.000000 0.857143 1.00
0.714286 0.000000 0.857143 -1.00
0.785714 0.071429 0.857143 -1.00
0.785714 0.000000 0.928571 -1.00
0.714286 0.071429 0.928571 -1.00
0.785714 0.214286 0.071429 1.00
0.714286 0.142857 0.071429 1.00
0.714286 0.214286 0.000000 1.00
0.785714 0.142857 0.000000 1.00
0.714286 0.142857 0.000000 -1.00
0.785714 0.214286 0.000000 -1.00
0.785714 0.142857 0.071429 -1.00
0.714286 0.214286 0.071429 -1.00
0.785714 0.214286 0.214286 1.00
0.714286 0.142857 0.214286 1.00
0.714286 0.214286 0.142857 1.00
0.785714 0.142857 0.142857 1.00
0.714286 0.142857 0.142857 -1.00
0.785714 0.214286 0.142857 -1.00
0.785714 0.142857 0.214286 -1.00
0.714286 0.214286 0.214286 -1.00
0.785714 0.214286 0.357143 1.00
0.714286 0.142857 0.357143 1.00
0.714286 0.214286 0.285714 1.00
0.785714 0.142857 0.285714 1.00
0.714286 0.142857 0.285714 -1.00
0.785714 0.214286 0.285714 -1.00
0.785714 0.142857 0.357143 -1.00
0.714286 0.214286 0.357143 -1.00
0.785714 0.214286 0.500000 1.00
0.714286 0.142857 0.500000 1.00
0.714286 0.214286 0.428571 1.00
0.785714 0.142857 0.428571 1.00
0.714286 0.142857 0.428571 -1.00
0.785714 0.214286 0.428571 -1.00
0.785714 0.142857 0.500000 -1.00
0.714286 0.214286 0.500000 -1.00
0.785714 0.214286 0.642857 1.00
0.714286 0.142857 0.642857 1.00
0.714286 0.214286 0.571429 1.00
0.785714 0.142857 0.571429 1.00
0.714286 0.142857 0.571429 -1.00
0.785714 0.214286 0.571429 -1.00
0.785714 0.142857 0.642857 -1.00
0.714286 0.214286 0.642857 -1.00
0.785714 0.214286 0.785714 1.00
0.714286 0.142857 0.785714 1.00
0.714286 0.214286 0.714286 1.00
0.785714 0.142857 0.714286 1.00
0.714286 0.142857 0.714286 -1.00
0.785714 0.214286 0.714286 -1.00
0.785714 0.142857 0.785714 -1.00
0.714286 0.214286 0.785714 -1.00
0.785714 0.214286 0.928571 1.00
0.714286 0.142857 0.928571 1.00
0.714286 0.214286 0.857143 1.00
0.785714 0.142857 0.857143 1.00
0.714286 0.142857 0.857143 -1.00
0.785714 0.214286 0.857143 -1.00
0.785714 0.142857 0.928571 -1.00
0.714286 0.214286 0.928571 -1.00
0.785714 0.357143 0.071429 1.00
0.714286 0.285714 0.071429 1.00
0.714286 0.357143 0.000000 1.00
0.785714 0.285714 0.000000 1.00
0.714286 0.285714 0.000000 -1.00
0.785714 0.357143 0.000000 -1.00
0.785714 0.285714 0.071429 -1.00
0.714286 0.357143 0.071429 -1.00
0.785714 0.357143 0.214286 1.00
0.714286 0.285714 0.214286 1.00
0.714286 0.357143 0.142857 1.00
0.785714 0.285714 0.142857 1.00
0.714286 0.285714 0.142857 -1.00
0.785714 0.357143 0.142857 -1.00
0.785714 0.285714 0.214286 -1.00
0.714286 0.357143 0.214286 -1.00
0.785714 0.357143 0.357143 1.00
0.714286 0.285714 0.357143 1.00
0.714286 0.357143 0.285714 1.00
0.785714 0.285714 0.285714 1.00
0.714286 0.285714 0.285714 -1.00
0.785714 0.357143 0.285714 -1.00
0.785714 0.285714 0.357143 -1.00
0.714286 0.357143 0.357143 -1.00
0.785714 0.357143 0.500000 1.00
0.714286 0.285714 0.500000 1.00
0.714286 0.357143 0.428571 1.00
0.785714 0.285714 0.428571 1.00
0.714286 0.285714 0.428571 -1.00
0.785714 0.357143 0.428571 -1.00
0.785714 0.285714 0.500000 -1.00
0.714286 0.357143 0.500000 -1.00
0.785714 0.357143 0.642857 1.00
0.714286 0.285714 0.642857 1.00
0.714286 0.357143 0.571429 1.00
0.785714 0.285714 0.571429 1.00
0.714286 0.285714 0.571429 -1.00
0.785714 0.357143 0.571429 -1.00
0.785714 0.285714 0.642857 -1.00
0.714286 0.357143 0.642857 -1.00
0.785714 0.357143 0.785714 1.00
0.714286 0.285714 0.785714 1.00
0.714286 0.357143 0.714286 1.00
0.785714 0.285714 0.714286 1.00
0.714286 0.285714 0.714286 -1.00
0.785714 0.357143 0.714286 -1.00
0.785714 0.285714 0.785714 -1.00
0.714286 0.357143 0.785714 -1.00
0.785714 0.357143 0.928571 1.00
0.714286 0.285714 0.928571 1.00
0.714286 0.357143 0.857143 1.00
0.785714 0.285714 0.857143 1.00
0.714286 0.285714 0.857143 -1.00
0.785714 0.357143 0.857143 -1.00
0.785714 0.285714 0.928571 -1.00
0.714286 0.357143 0.928571 -1.00
0.785714 0.500000 0.071429 1.00
0.714286 0.428571 0.071429 1.00
0.714286 0.500000 0.000000 1.00
0.785714 0.428571 0.000000 1.00
0.714286 0.428571 0.000000 -1.00
0.785714 0.500000 0.000000 -1.00
0.785714 0.428571 0.071429 -1.00
0.714286 0.500000 0.071429 -1.00
0.785714 0.500000 0.214286 1.00
0.714286 0.428571 0.214286 1.00
0.714286 0.500000 0.142857 1.00
0.785714 0.428571 0.142857 1.00
0.714286 0.428571 0.142857 -1.00
0.785714 0.500000 0.142857 -1.00
0.785714 0.428571 0.214286 -1.00
0.714286 0.500000 0.214286 -1.00
0.785714 0.500000 0.357143 1.00
0.714286 0.428571 0.357143 1.00
0.714286 0.500000 0.285714 1.00
0.785714 0.428571 0.285714 1.00
0.714286 0.428571 0.285714 -1.00
0.785714 0.500000 0.285714 -1.00
0.785714 0.428571 0.357143 -1.00
0.714286 0.500000 0.357143 -1.00
0.785714 0.500000 0.500000 1.00
0.714286 0.428571 0.500000 1.00
0.714286 0.500000 0.428571 1.00
0.785714 0.428571 0.428571 1.00
0.714286 0.428571 0.428571 -1.00
0.785714 0.500000 0.428571 -1.00
0.785714 0.428571 0.500000 -1.00
0.714286 0.500000 0.500000 -1.00
0.785714 0.500000 0.642857 1.00
0.714286 0.428571 0.642857 1.00
0.714286 0.500000 0.571429 1.00
0.785714 0.428571 0.571429 1.00
0.714286 0.428571 0.571429 -1.00
0.785714 0.500000 0.571429 -1.00
0.785714 0.428571 0.642857 -1.00
0.714286 0.500000 0.642857 -1.00
0.785714 0.500000 0.785714 1.00
0.714286 0.428571 0.785714 1.00
0.714286 0.500000 0.714286 1.00
0.785714 0.428571 0.714286 1.00
0.714286 0.428571 0.714286 -1.00
0.785714 0.500000 0.714286 -1.00
0.785714 0.428571 0.785714 -1.00
0.714286 0.500000 0.785714 -1.00
0.785714 0.500000 0.928571 1.00
0.714286 0.428571 0.928571 1.00
0.714286 0.500000 0.857143 1.00
0.785714 0.428571 0.857143 1.00
0.714286 0.428571 0.857143 -1.00
0.785714 0.500000 0.857143 -1.00
0.785714 0.428571 0.928571 -1.00
0.714286 0.500000 0.928571 -1.00
0.785714 0.642857 0.071429 1.00
0.714286 0.571429 0.071429 1.00
0.714286 0.642857 0.000000 1.00
0.785714 0.571429 0.000000 1.00
0.714286 0.571429 0.000000 -1.00
0.785714 0.642857 0.000000 -1.00
0.785714 0.571429 0.071429 -1.00
0.714286 0.642857 0.071429 -1.00
0.785714 0.642857 0.214286 1.00
0.714286 0.571429 0.214286 1.00
0.714286 0.642857 0.142857 1.00
0.785714 0.571429 0.142857 1.00
0.714286 0.571429 0.142857 -1.00
0.785714 0.642857 0.142857 -1.00
0.785714 0.571429 0.214286 -1.00
0.714286 0.642857 0.214286 -1.00
0.785714 0.642857 0.357143 1.00
0.714286 0.571429 0.357143 1.00
0.714286 0.642857 0.285714 1.00
0.785714 0.571429 0.285714 1.00
0.714286 0.571429 0.285714 -1.00
0.785714 0.642857 0.285714 -1.00
0.785714 0.571429 0.357143 -1.00
0.714286 0.642857 0.357143 -1.00
0.785714 0.642857 0.500000 1.00
0.714286 0.571429 0.500000 1.00
0.714286 0.642857 0.428571 1.00
0.785714 0.571429 0.428571 1.00
0.714286 0.571429 0.428571 -1.00
0.785714 0.642857 0.428571 -1.00
0.785714 0.571429 0.500000 -1.00
0.714286 0.642857 0.500000 -1.00
0.785714 0.642857 0.642857 1.00
0.714286 0.571429 0.642857 1.00
0.714286 0.642857 0.571429 1.00
0.785714 0.571429 0.571429 1.00
0.714286 0.571429 0.571429 -1.00
0.785714 0.642857 0.571429 -1.00
0.785714 0.571429 0.642857 -1.00
0.714286 0.642857 0.642857 -1.00
0.785714 0.642857 0.785714 1.00
0.714286 0.571429 0.785714 1.00
0.714286 0.642857 0.714286 1.00
0.785714 0.571429 0.714286 1.00
0.714286 0.571429 0.714286 -1.00
0.785714 0.642857 0.714286 -1.00
0.785714 0.571429 0.785714 -1.00
0.714286 0.642857 0.785714 -1.00
0.785714 0.642857 0.928571 1.00
0.714286 0.571429 0.928571 1.00
0.714286 0.642857 0.857143 1.00
0.785714 0.571429 0.857143 1.00
0.714286 0.571429 0.857143 -1.00
0.785714 0.642857 0.857143 -1.00
0.785714 0.571429 0.928571 -1.00
0.714286 0.642857 0.928571 -1.00
0.785714 0.785714 0.071429 1.00
0.714286 0.714286 0.071429 1.00
0.714286 0.785714 0.000000 1.00
0.785714 0.714286 0.000000 1.00
0.714286 0.714286 0.000000 -1.00
0.785714 0.785714 0.000000 -1.00
0.785714 0.714286 0.071429 -1.00
0.714286 0.785714 0.071429 -1.00
0.785714 0.785714 0.214286 1.00
0.714286 0.714286 0.214286 1.00
0.714286 0.785714 0.142857 1.00
0.785714 0.714286 0.142857 1.00
0.714286 0.714286 0.142857 -1.00
0.785714 0.785714 0.142857 -1.00
0.785714 0.714286 0.214286 -1.00
0.714286 0.785714 0.214286 -1.00
0.785714 0.785714 0.357143 1.00
0.714286 0.714286 0.357143 1.00
0.714286 0.785714 0.285714 1.00
0.785714 0.714286 0.285714 1.00
0.714286 0.714286 0.285714 -1.00
0.785714 0.785714 0.285714 -1.00
0.785714 0.714286 0.357143 -1.00
0.714286 0.785714 0.357143 -1.00
0.785714 0.785714 0.500000 1.00
0.714286 0.714286 0.500000 1.00
0.714286 0.785714 0.428571 1.00
0.785714 0.714286 0.428571 1.00
0.714286 0.714286 0.428571 -1.00
0.785714 0.785714 0.428571 -1.00
0.785714 0.714286 0.500000 -1.00
0.714286 0.785714 0.500000 -1.00
0.785714 0.785714 0.642857 1.00
0.714286 0.714286 0.642857 1.00
0.714286 0.785714 0.571429 1.00
0.785714 0.714286 0.571429 1.00
0.714286 0.714286 0.571429 -1.00
0.785714 0.785714 0.571429 -1.00
0.785714 0.714286 0.642857 -1.00
0.714286 0.785714 0.642857 -1.00
0.785714 0.785714 0.785714 1.00
0.714286 0.714286 0.785714 1.00
0.714286 0.785714 0.714286 1.00
0.785714 0.714286 0.714286 1.00
0.714286 0.714286 0.714286 -1.00
0.785714 0.785714 0.714286 -1.00
0.785714 0.714286 0.785714 -1.00
0.714286 0.785714 0.785714 -1.00
0.785714 0.785714 0.928571 1.00
0.714286 0.714286 0.928571 1.00
0.714286 0.785714 0.857143 1.00
0.785714 0.714286 0.857143 1.00
0.714286 0.714286 0.857143 -1.00
0.785714 0.785714 0.857143 -1.00
0.785714 0.714286 0.928571 -1.00
0.714286 0.785714 0.928571 -1.00
0.785714 0.928571 0.071429 1.00
0.714286 0.857143 0.071429 1.00
0.714286 0.928571 0.000000 1.00
0.785714 0.857143 0.000000 1.00
0.714286 0.857143 0.000000 -1.00
0.785714 0.928571 0.000000 -1.00
0.785714 0.857143 0.071429 -1.00
0.714286 0.928571 0.071429 -1.00
0.785714 0.928571 0.214286 1.00
0.714286 0.857143 0.214286 1.00
0.714286 0.928571 0.142857 1.00
0.785714 0.857143 0.142857 1.00
0.714286 0.857143 0.142857 -1.00
0.785714 0.928571 0.142857 -1.00
0.785714 0.857143 0.214286 -1.00
0.714286 0.928571 0.214286 -1.00
0.785714 0.928571 0.357143 1.00
0.714286 0.857143 0.357143 1.00
0.714286 0.928571 0.285714 1.00
0.785714 0.857143 0.285714 1.00
0.714286 0.857143 0.285714 -1.00
0.785714 0.928571 0.285714 -1.00
0.785714 0.857143 0.357143 -1.00
0.714286 0.928571 0.357143 -1.00
0.785714 0.928571 0.500000 1.00
0.714286 0.857143 0.500000 1.00
0.714286 0.928571 0.428571 1.00
0.785714 0.857143 0.428571 1.00
0.714286 0.857143 0.428571 -1.00
0.785714 0.928571 0.428571 -1.00
0.785714 0.857143 0.500000 -1.00
0.714286 0.928571 0.500000 -1.00
0.785714 0.928571 0.642857 1.00
0.714286 0.857143 0.642857 1.00
0.714286 0.928571 0.571429 1.00
0.785714 0.857143 0.571429 1.00
0.714286 0.857143 0.571429 -1.00
0.785714 0.928571 0.571429 -1.00
0.785714 0.857143 0.642857 -1.00
0.714286 0.928571 0.642857 -1.00
0.785714 0.928571 0.785714 1.00
0.714286 0.857143 0.785714 1.00
0.714286 0.928571 0.714286 1.00
0.785714 0.857143 0.714286 1.00
0.714286 0.857143 0.714286 -1.00
0.785714 0.928571 0.714286 -1.00
0.785714 0.857143 0.785714 -1.00
0.714286 0.928571 0.785714 -1.00
0.785714 0.928571 0.928571 1.00
0.714286 0.857143 0.928571 1.00
0.714286 0.928571 0.857143 1.00
0.785714 0.857143 0.857143 1.00
0.714286 0.857143 0.857143 -1.00
0.785714 0.928571 0.857143 -1.00
0.785714 0.857143 0.928571 -1.00
0.714286 0.928571 0.928571 -1.00
0.928571 0.071429 0.071429 1.00
0.857143 0.000000 0.071429 1.00
0.857143 0.071429 0.000000 1.00
0.928571 0.000000 0.000000 1.00
0.857143 0.000000 0.000000 -1.00
0.928571 0.071429 0.000000 -1.00
0.928571 0.000000 0.071429 -1.00
0.857143 0.071429 0.071429 -1.00
0.928571 0.071429 0.214286 1.00
0.857143 0.000000 0.214286 1.00
0.857143 0.071429 0.142857 1.00
0.928571 0.000000 0.142857 1.00
0.857143 0.000000 0.142857 -1.00
0.928571 0.071429 0.142857 -1.00
0.928571 0.000000 0.214286 -1.00
0.857143 0.071429 0.214286 -1.00
0.928571 0.071429 0.357143 1.00
0.857143 0.000000 0.357143 1.00
0.857143 0.071429 0.285714 1.00
0.928571 0.000000 0.285714 1.00
0.857143 0.000000 0.285714 -1.00
0.928571 0.071429 0.285714 -1.00
0.928571 0.000000 0.357143 -1.00
0.857143 0.071429 0.357143 -1.00
0.928571 0.071429 0.500000 1.00
0.857143 0.000000 0.500000 1.00
0.857143 0.071429 0.428571 1.00
0.928571 0.000000 0.428571 1.00
0.857143 0.000000 0.428571 -1.00
0.928571 0.071429 0.428571 -1.00
0.928571 0.000000 0.500000 -1.00
0.857143 0.071429 0.500000 -1.00
0.928571 0.071429 0.642857 1.00
0.857143 0.000000 0.642857 1.00
0.857143 0.071429 0.571429 1.00
0.928571 0.000000 0.571429 1.00
0.857143 0.000000 0.571429 -1.00
0.928571 0.071429 0.571429 -1.00
0.928571 0.000000 0.642857 -1.00
0.857143 0.071429 0.642857 -1.00
0.928571 0.071429 0.785714 1.00
0.857143 0.000000 0.785714 1.00
0.857143 0.071429 0.714286 1.00
0.928571 0.000000 0.714286 1.00
0.857143 0.000000 0.714286 -1.00
0.928571 0.071429 0.714286 -1.00
0.928571 0.000000 0.785714 -1.00
0.857143 0.071429 0.785714 -1.00
0.928571 0.071429 0.928571 1.00
0.857143 0.000000 0.928571 1.00
0.857143 0.071429 0.857143 1.00
0.928571 0.000000 0.857143 1.00
0.857143 0.000000 0.857143 -1.00
0.928571 0.071429 0.857143 -1.00
0.928571 0.000000 0.928571 -1.00
0.857143 0.071429 0.928571 -1.00
0.928571 0.214286 0.071429 1.00
0.857143 0.142857 0.071429 1.00
0.857143 0.214286 0.000000 1.00
0.928571 0.142857 0.000000 1.00
0.857143 0.142857 0.000000 -1.00
0.928571 0.214286 0.000000 -1.00
0.928571 0.142857 0.071429 -1.00
0.857143 0.214286 0.071429 -1.00
0.928571 0.214286 0.214286 1.00
0.857143 0.142857 0.214286 1.00
0.857143 0.214286 0.142857 1.00
0.928571 0.142857 0.142857 1.00
0.857143 0.142857 0.142857 -1.00
0.928571 0.214286 0.142857 -1.00
0.928571 0.142857 0.214286 -1.00
0.857143 0.214286 0.214286 -1.00
0.928571 0.214286 0.357143 1.00
0.857143 0.142857 0.357143 1.00
0.857143 0.214286 0.285714 1.00
0.928571 0.142857 0.285714 1.00
0.857143 0.142857 0.285714 -1.00
0.928571 0.214286 0.285714 -1.00
0.928571 0.142857 0.357143 -1.00
0.857143 0.214286 0.357143 -1.00
0.928571 0.214286 0.500000 1.00
0.857143 0.142857 0.500000 1.00
0.857143 0.214286 0.428571 1.00
0.928571 0.142857 0.428571 1.00
0.857143 0.142857 0.428571 -1.00
0.928571 0.214286 0.428571 -1.00
0.928571 0.142857 0.500000 -1.00
0.857143 0.214286 0.500000 -1.00
0.928571 0.214286 0.642857 1.00
0.857143 0.142857 0.642857 1.00
0.857143 0.214286 0.571429 1.00
0.928571 0.142857 0.571429 1.00
0.857143 0.142857 0.571429 -1.00
0.928571 0.214286 0.571429 -1.00
0.928571 0.142857 0.642857 -1.00
0.857143 0.214286 0.642857 -1.00
0.928571 0.214286 0.785714 1.00
0.857143 0.142857 0.785714 1.00
0.857143 0.214286 0.714286 1.00
0.928571 0.142857 0.714286 1.00
0.857143 0.142857 0.714286 -1.00
0.928571 0.214286 0.714286 -1.00
0.928571 0.142857 0.785714 -1.00
0.857143 0.214286 0.785714 -1.00
0.928571 0.214286 0.928571 1.00
0.857143 0.142857 0.928571 1.00
0.857143 0.214286 0.857143 1.00
0.928571 0.142857 0.857143 1.00
0.857143 0.142857 0.857143 -1.00
0.928571 0.214286 0.857143 -1.00
0.928571 0.142857 0.928571 -1.00
0.857143 0.214286 0.928571 -1.00
0.928571 0.357143 0.071429 1.00
0.857143 0.285714 0.071429 1.00
0.857143 0.357143 0.000000 1.00
0.928571 0.285714 0.000000 1.00
0.857143 0.285714 0.000000 -1.00
0.928571 0.357143 0.000000 -1.00
0.928571 0.285714 0.071429 -1.00
0.857143 0.357143 0.071429 -1.00
0.928571 0.357143 0.214286 1.00
0.857143 0.285714 0.214286 1.00
0.857143 0.357143 0.142857 1.00
0.928571 0.285714 0.142857 1.00
0.857143 0.285714 0.142857 -1.00
0.928571 0.357143 0.142857 -1.00
0.928571 0.285714 0.214286 -1.00
0.857143 0.357143 0.214286 -1.00
0.928571 0.357143 0.357143 1.00
0.857143 0.285714 0.357143 1.00
0.857143 0.357143 0.285714 1.00
0.928571 0.285714 0.285714 1.00
0.857143 0.285714 0.285714 -1.00
0.928571 0.357143 0.285714 -1.00
0.928571 0.285714 0.357143 -1.00
0.857143 0.357143 0.357143 -1.00
0.928571 0.357143 0.500000 1.00
0.857143 0.285714 0.500000 1.00
0.857143 0.357143 0.428571 1.00
0.928571 0.285714 0.428571 1.00
0.857143 0.285714 0.428571 -1.00
0.928571 0.357143 0.428571 -1.00
0.928571 0.285714 0.500000 -1.00
0.857143 0.357143 0.500000 -1.00
0.928571 0.357143 0.642857 1.00
0.857143 0.285714 0.642857 1.00
0.857143 0.357143 0.571429 1.00
0.928571 0.285714 0.571429 1.00
0.857143 0.285714 0.571429 -1.00
0.928571 0.357143 0.571429 -1.00
0.928571 0.285714 0.642857 -1.00
0.857143 0.357143 0.642857 -1.00
0.928571 0.357143 0.785714 1.00
0.857143 0.285714 0.785714 1.00
0.857143 0.357143 0.714286 1.00
0.928571 0.285714 0.714286 1.00
0.857143 0.285714 0.714286 -1.00
0.928571 0.357143 0.714286 -1.00
0.928571 0.285714 0.785714 -1.00
0.857143 0.357143 0.785714 -1.00
0.928571 0.357143 0.928571 1.00
0.857143 0.285714 0.928571 1.00
0.857143 0.357143 0.857143 1.00
0.928571 0.285714 0.857143 1.00
0.857143 0.285714 0.857143 -1.00
0.928571 0.357143 0.857143 -1.00
0.928571 0.285714 0.928571 -1.00
0.857143 0.357143 0.928571 -1.00
0.928571 0.500000 0.071429 1.00
0.857143 0.428571 0.071429 1.00
0.857143 0.500000 0.000000 1.00
0.928571 0.428571 0.000000 1.00
0.857143 0.428571 0.000000 -1.00
0.928571 0.500000 0.000000 -1.00
0.928571 0.428571 0.071429 -1.00
0.857143 0.500000 0.071429 -1.00
0.928571 0.500000 0.214286 1.00
0.857143 0.428571 0.214286 1.00
0.857143 0.500000 0.142857 1.00
0.928571 0.428571 0.142857 1.00
0.857143 0.428571 0.142857 -1.00
0.928571 0.500000 0.142857 -1.00
0.928571 0.428571 0.214286 -1.00
0.857143 0.500000 0.214286 -1.00
0.928571 0.500000 0.357143 1.00
0.857143 0.428571 0.357143 1.00
0.857143 0.500000 0.285714 1.00
0.928571 0.428571 0.285714 1.00
0.857143 0.428571 0.285714 -1.00
0.928571 0.500000 0.285714 -1.00
0.928571 0.428571 0.357143 -1.00
0.857143 0.500000 0.357143 -1.00
0.928571 0.500000 0.500000 1.00
0.857143 0.428571 0.500000 1.00
0.857143 0.500000 0.428571 1.00
0.928571 0.428571 0.428571 1.00
0.857143 0.428571 0.428571 -1.00
0.928571 0.500000 0.428571 -1.00
0.928571 0.428571 0.500000 -1.00
0.857143 0.500000 0.500000 -1.00
0.928571 0.500000 0.642857 1.00
0.857143 0.428571 0.642857 1.00
0.857143 0.500000 0.571429 1.00
0.928571 0.428571 0.571429 1.00
0.857143 0.428571 0.571429 -1.00
0.928571 0.500000 0.571429 -1.00
0.928571 0.428571 0.642857 -1.00
0.857143 0.500000 0.642857 -1.00
0.928571 0.500000 0.785714 1.00
0.857143 0.428571 0.785714 1.00
0.857143 0.500000 0.714286 1.00
0.928571 0.428571 0.714286 1.00
0.857143 0.428571 0.714286 -1.00
0.928571 0.500000 0.714286 -1.00
0.928571 0.428571 0.785714 -1.00
0.857143 0.500000 0.785714 -1.00
0.928571 0.500000 0.928571 1.00
0.857143 0.428571 0.928571 1.00
0.857143 0.500000 0.857143 1.00
0.928571 0.428571 0.857143 1.00
0.857143 0.428571 0.857143 -1.00
0.928571 0.500000 0.857143 -1.00
0.928571 0.428571 0.928571 -1.00
0.857143 0.500000 0.928571 -1.00
0.928571 0.642857 0.071429 1.00
0.857143 0.571429 0.071429 1.00
0.857143 0.642857 0.000000 1.00
0.928571 0.571429 0.000000 1.00
0.857143 0.571429 0.000000 -1.00
0.928571 0.642857 0.000000 -1.00
0.928571 0.571429 0.071429 -1.00
0.857143 0.642857 0.071429 -1.00
0.928571 0.642857 0.214286 1.00
0.857143 0.571429 0.214286 1.00
0.857143 0.642857 0.142857 1.00
0.928571 0.571429 0.142857 1.00
0.857143 0.571429 0.142857 -1.00
0.928571 0.642857 0.142857 -1.00
0.928571 0.571429 0.214286 -1.00
0.857143 0.642857 0.214286 -1.00
0.928571 0.642857 0.357143 1.00
0.857143 0.571429 0.357143 1.00
0.857143 0.642857 0.285714 1.00
0.928571 0.571429 0.285714 1.00
0.857143 0.571429 0.285714 -1.00
0.928571 0.642857 0.285714 -1.00
0.928571 0.571429 0.357143 -1.00
0.857143 0.642857 0.357143 -1.00
0.928571 0.642857 0.500000 1.00
0.857143 0.571429 0.500000 1.00
0.857143 0.642857 0.428571 1.00
0.928571 0.571429 0.428571 1.00
0.857143 0.571429 0.428571 -1.00
0.928571 0.642857 0.428571 -1.00
0.928571 0.571429 0.500000 -1.00
0.857143 0.642857 0.500000 -1.00
0.928571 0.642857 0.642857 1.00
0.857143 0.571429 0.642857 1.00
0.857143 0.642857 0.571429 1.00
0.928571 0.571429 0.571429 1.00
0.857143 0.571429 0.571429 -1.00
0.928571 0.642857 0.571429 -1.00
0.928571 0.571429 0.642857 -1.00
0.857143 0.642857 0.642857 -1.00
0.928571 0.642857 0.785714 1.00
0.857143 0.571429 0.785714 1.00
0.857143 0.642857 0.714286 1.00
0.928571 0.571429 0.714286 1.00
0.857143 0.571429 0.714286 -1.00
0.928571 0.642857 0.714286 -1.00
0.928571 0.571429 0.785714 -1.00
0.857143 0.642857 0.785714 -1.00
0.928571 0.642857 0.928571 1.00
0.857143 0.571429 0.928571 1.00
0.857143 0.642857 0.857143 1.00
0.928571 0.571429 0.857143 1.00
0.857143 0.571429 0.857143 -1.00
0.928571 0.642857 0.857143 -1.00
0.928571 0.571429 0.928571 -1.00
0.857143 0.642857 0.928571 -1.00
0.928571 0.785714 0.071429 1.00
0.857143 0.714286 0.071429 1.00
0.857143 0.785714 0.000000 1.00
0.928571 0.714286 0.000000 1.00
0.857143 0.714286 0.000000 -1.00
0.928571 0.785714 0.000000 -1.00
0.928571 0.714286 0.071429 -1.00
0.857143 0.785714 0.071429 -1.00
0.928571 0.785714 0.214286 1.00
0.857143 0.714286 0.214286 1.00
0.857143 0.785714 0.142857 1.00
0.928571 0.714286 0.142857 1.00
0.857143 0.714286 0.142857 -1.00
0.928571 0.785714 0.142857 -1.00
0.928571 0.714286 0.214286 -1.00
0.857143 0.785714 0.214286 -1.00
0.928571 0.785714 0.357143 1.00
0.857143 0.714286 0.357143 1.00
0.857143 0.785714 0.285714 1.00
0.928571 0.714286 0.285714 1.00
0.857143 0.714286 0.285714 -1.00
0.928571 0.785714 0.285714 -1.00
0.928571 0.714286 0.357143 -1.00
0.857143 0.785714 0.357143 -1.00
0.928571 0.785714 0.500000 1.00
0.857143 0.714286 0.500000 1.00
0.857143 0.785714 0.428571 1.00
0.928571 0.714286 0.428571 1.00
0.857143 0.714286 0.428571 -1.00
0.928571 0.785714 0.428571 -1.00
0.928571 0.714286 0.500000 -1.00
0.857143 0.785714 0.500000 -1.00
0.928571 0.785714 0.642857 1.00
0.857143 0.714286 0.642857 1.00
0.857143 0.785714 0.571429 1.00
0.928571 0.714286 0.571429 1.00
0.857143 0.714286 0.571429 -1.00
0.928571 0.785714 0.571429 -1.00
0.928571 0.714286 0.642857 -1.00
0.857143 0.785714 0.642857 -1.00
0.928571 0.785714 0.785714 1.00
0.857143 0.714286 0.785714 1.00
0.857143 0.785714 0.714286 1.00
0.928571 0.714286 0.714286 1.00
0.857143 0.714286 0.714286 -1.00
0.928571 0.785714 0.714286 -1.00
0.928571 0.714286 0.785714 -1.00
0.857143 0.785714 0.785714 -1.00
0.928571 0.785714 0.928571 1.00
0.857143 0.714286 0.928571 1.00
0.857143 0.785714 0.857143 1.00
0.928571 0.714286 0.857143 1.00
0.857143 0.714286 0.857143 -1.00
0.928571 0.785714 0.857143 -1.00
0.928571 0.714286 0.928571 -1.00
0.857143 0.785714 0.928571 -1.00
0.928571 0.928571 0.071429 1.00
0.857143 0.857143 0.071429 1.00
0.857143 0.928571 0.000000 1.00
0.928571 0.857143 0.000000 1.00
0.857143 0.857143 0.000000 -1.00
0.928571 0.928571 0.000000 -1.00
0.928571 0.857143 0.071429 -1.00
0.857143 0.928571 0.071429 -1.00
0.928571 0.928571 0.214286 1.00
0.857143 0.857143 0.214286 1.00
0.857143 0.928571 0.142857 1.00
0.928571 0.857143 0.142857 1.00
0.857143 0.857143 0.142857 -1.00
0.928571 0.928571 0.142857 -1.00
0.928571 0.857143 0.214286 -1.00
0.857143 0.928571 0.214286 -1.00
0.928571 0.928571 0.357143 1.00
0.857143 0.857143 0.357143 1.00
0.857143 0.928571 0.285714 1.00
0.928571 0.857143 0.285714 1.00
0.857143 0.857143 0.285714 -1.00
0.928571 0.928571 0.285714 -1.00
0.928571 0.857143 0.357143 -1.00
0.857143 0.928571 0.357143 -1.00
0.928571 0.928571 0.500000 1.00
0.857143 0.857143 0.500000 1.00
0.857143 0.928571 0.428571 1.00
0.928571 0.857143 0.428571 1.00
0.857143 0.857143 0.428571 -1.00
0.928571 0.928571 0.428571 -1.00
0.928571 0.857143 0.500000 -1.00
0.857143 0.928571 0.500000 -1.00
0.928571 0.928571 0.642857 1.00
0.857143 0.857143 0.642857 1.00
0.857143 0.928571 0.571429 1.00
0.928571 0.857143 0.571429 1.00
0.857143 0.857143 0.571429 -1.00
0.928571 0.928571 0.571429 -1.00
0.928571 0.857143 0.642857 -1.00
0.857143 0.928571 0.642857 -1.00
0.928571 0.928571 0.785714 1.00
0.857143 0.857143 0.785714 1.00
0.857143 0.928571 0.714286 1.00
0.928571 0.857143 0.714286 1.00
0.857143 0.857143 0.714286 -1.00
0.928571 0.928571 0.714286 -1.00
0.928571 0.857143 0.785714 -1.00
0.857143 0.928571 0.785714 -1.00
0.928571 0.928571 0.928571 1.00
0.857143 0.857143 0.928571 1.00
0.857143 0.928571 0.857143 1.00
0.928571 0.857143 0.857143 1.00
0.857143 0.857143 0.857143 -1.00
0.928571 0.928571 0.857143 -1.00
0.928571 0.857143 0.928571 -1.00
0.857143 0.928571 0.928571 -1.00
50 50 50
0.75 8 DIST 0
END
EOF

tmpinp=tem5.inp
tmpout=tem5.out

# cleanup
[ -f $datafile ] && rm -v $datafile

steps=$(seq $start_distance $step $last_distance | wc -l)
printf "Scanning from %.3f %.3f in %d steps\n" \
   $start_distance $last_distance $steps
for distance in $(seq $start_distance $step $last_distance | sed s/,/./)
do
   # generate the input file
   echo "$input" | sed s/DIST/$distance/ > $tmpinp

   # perform the actual calculation on the input file
   $program $tmpinp > $tmpout 2>&1

   # get the reciprocal EWALD energy
   recip_ewald=$(grep "DIRECT SPACE" $tmpout | grep -oE '[-+]?[0-9]*\.?[0-9]+([eE][-+]?[0-9]+)?')

   # get the CPU time for normal ewald
   cpu_ewald=$(grep "Time elapsed (direct space):" $tmpout | grep -oE '[-+]?[0-9]*\.?[0-9]+([eE][-+]?[0-9]+)?')

   # if no values are found, complain and stop
   if [ -z "$recip_ewald" ] || [ -z "$cpu_ewald" ]; then
      1>&2 printf "ERROR!\n"
      1>&2 printf "Required patterns not found in %s output\n" "$program"
      1>&2 printf "please inspect '%s' and '%s'\n" "$tmpinp" "$tmpout"
      exit 1
   fi
   # append to logfile
   printf "%8.0f %25.15f %8.5f\n" $distance $recip_ewald $cpu_ewald >> $datafile
done

# cleanup
[ -f $tmpinp ] && rm $tmpinp
[ -f $tmpout ] && rm $tmpout

