#!/usr/bin/env bash

# stop on errors
set -eu

# put the name of your program here
program=./pme
# unique pattern to find the final energy
pattern1='RECIPROCAL SPACE: PME:'
pattern2='Elapsed CPU time (SPME):'
# output file for plotting
datafile=NaCl_7x7x7_beta0.75_grid_new.dat

# scan distances
start_distance=120
last_distance=300
step=1

read -r -d 'END' input <<EOF
NaCl
74.62 74.62 74.62
90 90 90
2744
0.071429 0.071429 0.071429 1.00
0.000000 0.000000 0.071429 1.00
0.000000 0.071429 0.000000 1.00
0.071429 0.000000 0.000000 1.00
0.000000 0.000000 0.000000 -1.00
0.071429 0.071429 0.000000 -1.00
0.071429 0.000000 0.071429 -1.00
0.000000 0.071429 0.071429 -1.00
0.071429 0.071429 0.214286 1.00
0.000000 0.000000 0.214286 1.00
0.000000 0.071429 0.142857 1.00
0.071429 0.000000 0.142857 1.00
0.000000 0.000000 0.142857 -1.00
0.071429 0.071429 0.142857 -1.00
0.071429 0.000000 0.214286 -1.00
0.000000 0.071429 0.214286 -1.00
0.071429 0.071429 0.357143 1.00
0.000000 0.000000 0.357143 1.00
0.000000 0.071429 0.285714 1.00
0.071429 0.000000 0.285714 1.00
0.000000 0.000000 0.285714 -1.00
0.071429 0.071429 0.285714 -1.00
0.071429 0.000000 0.357143 -1.00
0.000000 0.071429 0.357143 -1.00
0.071429 0.071429 0.500000 1.00
0.000000 0.000000 0.500000 1.00
0.000000 0.071429 0.428571 1.00
0.071429 0.000000 0.428571 1.00
0.000000 0.000000 0.428571 -1.00
0.071429 0.071429 0.428571 -1.00
0.071429 0.000000 0.500000 -1.00
0.000000 0.071429 0.500000 -1.00
0.071429 0.071429 0.642857 1.00
0.000000 0.000000 0.642857 1.00
0.000000 0.071429 0.571429 1.00
0.071429 0.000000 0.571429 1.00
0.000000 0.000000 0.571429 -1.00
0.071429 0.071429 0.571429 -1.00
0.071429 0.000000 0.642857 -1.00
0.000000 0.071429 0.642857 -1.00
0.071429 0.071429 0.785714 1.00
0.000000 0.000000 0.785714 1.00
0.000000 0.071429 0.714286 1.00
0.071429 0.000000 0.714286 1.00
0.000000 0.000000 0.714286 -1.00
0.071429 0.071429 0.714286 -1.00
0.071429 0.000000 0.785714 -1.00
0.000000 0.071429 0.785714 -1.00
0.071429 0.071429 0.928571 1.00
0.000000 0.000000 0.928571 1.00
0.000000 0.071429 0.857143 1.00
0.071429 0.000000 0.857143 1.00
0.000000 0.000000 0.857143 -1.00
0.071429 0.071429 0.857143 -1.00
0.071429 0.000000 0.928571 -1.00
0.000000 0.071429 0.928571 -1.00
0.071429 0.214286 0.071429 1.00
0.000000 0.142857 0.071429 1.00
0.000000 0.214286 0.000000 1.00
0.071429 0.142857 0.000000 1.00
0.000000 0.142857 0.000000 -1.00
0.071429 0.214286 0.000000 -1.00
0.071429 0.142857 0.071429 -1.00
0.000000 0.214286 0.071429 -1.00
0.071429 0.214286 0.214286 1.00
0.000000 0.142857 0.214286 1.00
0.000000 0.214286 0.142857 1.00
0.071429 0.142857 0.142857 1.00
0.000000 0.142857 0.142857 -1.00
0.071429 0.214286 0.142857 -1.00
0.071429 0.142857 0.214286 -1.00
0.000000 0.214286 0.214286 -1.00
0.071429 0.214286 0.357143 1.00
0.000000 0.142857 0.357143 1.00
0.000000 0.214286 0.285714 1.00
0.071429 0.142857 0.285714 1.00
0.000000 0.142857 0.285714 -1.00
0.071429 0.214286 0.285714 -1.00
0.071429 0.142857 0.357143 -1.00
0.000000 0.214286 0.357143 -1.00
0.071429 0.214286 0.500000 1.00
0.000000 0.142857 0.500000 1.00
0.000000 0.214286 0.428571 1.00
0.071429 0.142857 0.428571 1.00
0.000000 0.142857 0.428571 -1.00
0.071429 0.214286 0.428571 -1.00
0.071429 0.142857 0.500000 -1.00
0.000000 0.214286 0.500000 -1.00
0.071429 0.214286 0.642857 1.00
0.000000 0.142857 0.642857 1.00
0.000000 0.214286 0.571429 1.00
0.071429 0.142857 0.571429 1.00
0.000000 0.142857 0.571429 -1.00
0.071429 0.214286 0.571429 -1.00
0.071429 0.142857 0.642857 -1.00
0.000000 0.214286 0.642857 -1.00
0.071429 0.214286 0.785714 1.00
0.000000 0.142857 0.785714 1.00
0.000000 0.214286 0.714286 1.00
0.071429 0.142857 0.714286 1.00
0.000000 0.142857 0.714286 -1.00
0.071429 0.214286 0.714286 -1.00
0.071429 0.142857 0.785714 -1.00
0.000000 0.214286 0.785714 -1.00
0.071429 0.214286 0.928571 1.00
0.000000 0.142857 0.928571 1.00
0.000000 0.214286 0.857143 1.00
0.071429 0.142857 0.857143 1.00
0.000000 0.142857 0.857143 -1.00
0.071429 0.214286 0.857143 -1.00
0.071429 0.142857 0.928571 -1.00
0.000000 0.214286 0.928571 -1.00
0.071429 0.357143 0.071429 1.00
0.000000 0.285714 0.071429 1.00
0.000000 0.357143 0.000000 1.00
0.071429 0.285714 0.000000 1.00
0.000000 0.285714 0.000000 -1.00
0.071429 0.357143 0.000000 -1.00
0.071429 0.285714 0.071429 -1.00
0.000000 0.357143 0.071429 -1.00
0.071429 0.357143 0.214286 1.00
0.000000 0.285714 0.214286 1.00
0.000000 0.357143 0.142857 1.00
0.071429 0.285714 0.142857 1.00
0.000000 0.285714 0.142857 -1.00
0.071429 0.357143 0.142857 -1.00
0.071429 0.285714 0.214286 -1.00
0.000000 0.357143 0.214286 -1.00
0.071429 0.357143 0.357143 1.00
0.000000 0.285714 0.357143 1.00
0.000000 0.357143 0.285714 1.00
0.071429 0.285714 0.285714 1.00
0.000000 0.285714 0.285714 -1.00
0.071429 0.357143 0.285714 -1.00
0.071429 0.285714 0.357143 -1.00
0.000000 0.357143 0.357143 -1.00
0.071429 0.357143 0.500000 1.00
0.000000 0.285714 0.500000 1.00
0.000000 0.357143 0.428571 1.00
0.071429 0.285714 0.428571 1.00
0.000000 0.285714 0.428571 -1.00
0.071429 0.357143 0.428571 -1.00
0.071429 0.285714 0.500000 -1.00
0.000000 0.357143 0.500000 -1.00
0.071429 0.357143 0.642857 1.00
0.000000 0.285714 0.642857 1.00
0.000000 0.357143 0.571429 1.00
0.071429 0.285714 0.571429 1.00
0.000000 0.285714 0.571429 -1.00
0.071429 0.357143 0.571429 -1.00
0.071429 0.285714 0.642857 -1.00
0.000000 0.357143 0.642857 -1.00
0.071429 0.357143 0.785714 1.00
0.000000 0.285714 0.785714 1.00
0.000000 0.357143 0.714286 1.00
0.071429 0.285714 0.714286 1.00
0.000000 0.285714 0.714286 -1.00
0.071429 0.357143 0.714286 -1.00
0.071429 0.285714 0.785714 -1.00
0.000000 0.357143 0.785714 -1.00
0.071429 0.357143 0.928571 1.00
0.000000 0.285714 0.928571 1.00
0.000000 0.357143 0.857143 1.00
0.071429 0.285714 0.857143 1.00
0.000000 0.285714 0.857143 -1.00
0.071429 0.357143 0.857143 -1.00
0.071429 0.285714 0.928571 -1.00
0.000000 0.357143 0.928571 -1.00
0.071429 0.500000 0.071429 1.00
0.000000 0.428571 0.071429 1.00
0.000000 0.500000 0.000000 1.00
0.071429 0.428571 0.000000 1.00
0.000000 0.428571 0.000000 -1.00
0.071429 0.500000 0.000000 -1.00
0.071429 0.428571 0.071429 -1.00
0.000000 0.500000 0.071429 -1.00
0.071429 0.500000 0.214286 1.00
0.000000 0.428571 0.214286 1.00
0.000000 0.500000 0.142857 1.00
0.071429 0.428571 0.142857 1.00
0.000000 0.428571 0.142857 -1.00
0.071429 0.500000 0.142857 -1.00
0.071429 0.428571 0.214286 -1.00
0.000000 0.500000 0.214286 -1.00
0.071429 0.500000 0.357143 1.00
0.000000 0.428571 0.357143 1.00
0.000000 0.500000 0.285714 1.00
0.071429 0.428571 0.285714 1.00
0.000000 0.428571 0.285714 -1.00
0.071429 0.500000 0.285714 -1.00
0.071429 0.428571 0.357143 -1.00
0.000000 0.500000 0.357143 -1.00
0.071429 0.500000 0.500000 1.00
0.000000 0.428571 0.500000 1.00
0.000000 0.500000 0.428571 1.00
0.071429 0.428571 0.428571 1.00
0.000000 0.428571 0.428571 -1.00
0.071429 0.500000 0.428571 -1.00
0.071429 0.428571 0.500000 -1.00
0.000000 0.500000 0.500000 -1.00
0.071429 0.500000 0.642857 1.00
0.000000 0.428571 0.642857 1.00
0.000000 0.500000 0.571429 1.00
0.071429 0.428571 0.571429 1.00
0.000000 0.428571 0.571429 -1.00
0.071429 0.500000 0.571429 -1.00
0.071429 0.428571 0.642857 -1.00
0.000000 0.500000 0.642857 -1.00
0.071429 0.500000 0.785714 1.00
0.000000 0.428571 0.785714 1.00
0.000000 0.500000 0.714286 1.00
0.071429 0.428571 0.714286 1.00
0.000000 0.428571 0.714286 -1.00
0.071429 0.500000 0.714286 -1.00
0.071429 0.428571 0.785714 -1.00
0.000000 0.500000 0.785714 -1.00
0.071429 0.500000 0.928571 1.00
0.000000 0.428571 0.928571 1.00
0.000000 0.500000 0.857143 1.00
0.071429 0.428571 0.857143 1.00
0.000000 0.428571 0.857143 -1.00
0.071429 0.500000 0.857143 -1.00
0.071429 0.428571 0.928571 -1.00
0.000000 0.500000 0.928571 -1.00
0.071429 0.642857 0.071429 1.00
0.000000 0.571429 0.071429 1.00
0.000000 0.642857 0.000000 1.00
0.071429 0.571429 0.000000 1.00
0.000000 0.571429 0.000000 -1.00
0.071429 0.642857 0.000000 -1.00
0.071429 0.571429 0.071429 -1.00
0.000000 0.642857 0.071429 -1.00
0.071429 0.642857 0.214286 1.00
0.000000 0.571429 0.214286 1.00
0.000000 0.642857 0.142857 1.00
0.071429 0.571429 0.142857 1.00
0.000000 0.571429 0.142857 -1.00
0.071429 0.642857 0.142857 -1.00
0.071429 0.571429 0.214286 -1.00
0.000000 0.642857 0.214286 -1.00
0.071429 0.642857 0.357143 1.00
0.000000 0.571429 0.357143 1.00
0.000000 0.642857 0.285714 1.00
0.071429 0.571429 0.285714 1.00
0.000000 0.571429 0.285714 -1.00
0.071429 0.642857 0.285714 -1.00
0.071429 0.571429 0.357143 -1.00
0.000000 0.642857 0.357143 -1.00
0.071429 0.642857 0.500000 1.00
0.000000 0.571429 0.500000 1.00
0.000000 0.642857 0.428571 1.00
0.071429 0.571429 0.428571 1.00
0.000000 0.571429 0.428571 -1.00
0.071429 0.642857 0.428571 -1.00
0.071429 0.571429 0.500000 -1.00
0.000000 0.642857 0.500000 -1.00
0.071429 0.642857 0.642857 1.00
0.000000 0.571429 0.642857 1.00
0.000000 0.642857 0.571429 1.00
0.071429 0.571429 0.571429 1.00
0.000000 0.571429 0.571429 -1.00
0.071429 0.642857 0.571429 -1.00
0.071429 0.571429 0.642857 -1.00
0.000000 0.642857 0.642857 -1.00
0.071429 0.642857 0.785714 1.00
0.000000 0.571429 0.785714 1.00
0.000000 0.642857 0.714286 1.00
0.071429 0.571429 0.714286 1.00
0.000000 0.571429 0.714286 -1.00
0.071429 0.642857 0.714286 -1.00
0.071429 0.571429 0.785714 -1.00
0.000000 0.642857 0.785714 -1.00
0.071429 0.642857 0.928571 1.00
0.000000 0.571429 0.928571 1.00
0.000000 0.642857 0.857143 1.00
0.071429 0.571429 0.857143 1.00
0.000000 0.571429 0.857143 -1.00
0.071429 0.642857 0.857143 -1.00
0.071429 0.571429 0.928571 -1.00
0.000000 0.642857 0.928571 -1.00
0.071429 0.785714 0.071429 1.00
0.000000 0.714286 0.071429 1.00
0.000000 0.785714 0.000000 1.00
0.071429 0.714286 0.000000 1.00
0.000000 0.714286 0.000000 -1.00
0.071429 0.785714 0.000000 -1.00
0.071429 0.714286 0.071429 -1.00
0.000000 0.785714 0.071429 -1.00
0.071429 0.785714 0.214286 1.00
0.000000 0.714286 0.214286 1.00
0.000000 0.785714 0.142857 1.00
0.071429 0.714286 0.142857 1.00
0.000000 0.714286 0.142857 -1.00
0.071429 0.785714 0.142857 -1.00
0.071429 0.714286 0.214286 -1.00
0.000000 0.785714 0.214286 -1.00
0.071429 0.785714 0.357143 1.00
0.000000 0.714286 0.357143 1.00
0.000000 0.785714 0.285714 1.00
0.071429 0.714286 0.285714 1.00
0.000000 0.714286 0.285714 -1.00
0.071429 0.785714 0.285714 -1.00
0.071429 0.714286 0.357143 -1.00
0.000000 0.785714 0.357143 -1.00
0.071429 0.785714 0.500000 1.00
0.000000 0.714286 0.500000 1.00
0.000000 0.785714 0.428571 1.00
0.071429 0.714286 0.428571 1.00
0.000000 0.714286 0.428571 -1.00
0.071429 0.785714 0.428571 -1.00
0.071429 0.714286 0.500000 -1.00
0.000000 0.785714 0.500000 -1.00
0.071429 0.785714 0.642857 1.00
0.000000 0.714286 0.642857 1.00
0.000000 0.785714 0.571429 1.00
0.071429 0.714286 0.571429 1.00
0.000000 0.714286 0.571429 -1.00
0.071429 0.785714 0.571429 -1.00
0.071429 0.714286 0.642857 -1.00
0.000000 0.785714 0.642857 -1.00
0.071429 0.785714 0.785714 1.00
0.000000 0.714286 0.785714 1.00
0.000000 0.785714 0.714286 1.00
0.071429 0.714286 0.714286 1.00
0.000000 0.714286 0.714286 -1.00
0.071429 0.785714 0.714286 -1.00
0.071429 0.714286 0.785714 -1.00
0.000000 0.785714 0.785714 -1.00
0.071429 0.785714 0.928571 1.00
0.000000 0.714286 0.928571 1.00
0.000000 0.785714 0.857143 1.00
0.071429 0.714286 0.857143 1.00
0.000000 0.714286 0.857143 -1.00
0.071429 0.785714 0.857143 -1.00
0.071429 0.714286 0.928571 -1.00
0.000000 0.785714 0.928571 -1.00
0.071429 0.928571 0.071429 1.00
0.000000 0.857143 0.071429 1.00
0.000000 0.928571 0.000000 1.00
0.071429 0.857143 0.000000 1.00
0.000000 0.857143 0.000000 -1.00
0.071429 0.928571 0.000000 -1.00
0.071429 0.857143 0.071429 -1.00
0.000000 0.928571 0.071429 -1.00
0.071429 0.928571 0.214286 1.00
0.000000 0.857143 0.214286 1.00
0.000000 0.928571 0.142857 1.00
0.071429 0.857143 0.142857 1.00
0.000000 0.857143 0.142857 -1.00
0.071429 0.928571 0.142857 -1.00
0.071429 0.857143 0.214286 -1.00
0.000000 0.928571 0.214286 -1.00
0.071429 0.928571 0.357143 1.00
0.000000 0.857143 0.357143 1.00
0.000000 0.928571 0.285714 1.00
0.071429 0.857143 0.285714 1.00
0.000000 0.857143 0.285714 -1.00
0.071429 0.928571 0.285714 -1.00
0.071429 0.857143 0.357143 -1.00
0.000000 0.928571 0.357143 -1.00
0.071429 0.928571 0.500000 1.00
0.000000 0.857143 0.500000 1.00
0.000000 0.928571 0.428571 1.00
0.071429 0.857143 0.428571 1.00
0.000000 0.857143 0.428571 -1.00
0.071429 0.928571 0.428571 -1.00
0.071429 0.857143 0.500000 -1.00
0.000000 0.928571 0.500000 -1.00
0.071429 0.928571 0.642857 1.00
0.000000 0.857143 0.642857 1.00
0.000000 0.928571 0.571429 1.00
0.071429 0.857143 0.571429 1.00
0.000000 0.857143 0.571429 -1.00
0.071429 0.928571 0.571429 -1.00
0.071429 0.857143 0.642857 -1.00
0.000000 0.928571 0.642857 -1.00
0.071429 0.928571 0.785714 1.00
0.000000 0.857143 0.785714 1.00
0.000000 0.928571 0.714286 1.00
0.071429 0.857143 0.714286 1.00
0.000000 0.857143 0.714286 -1.00
0.071429 0.928571 0.714286 -1.00
0.071429 0.857143 0.785714 -1.00
0.000000 0.928571 0.785714 -1.00
0.071429 0.928571 0.928571 1.00
0.000000 0.857143 0.928571 1.00
0.000000 0.928571 0.857143 1.00
0.071429 0.857143 0.857143 1.00
0.000000 0.857143 0.857143 -1.00
0.071429 0.928571 0.857143 -1.00
0.071429 0.857143 0.928571 -1.00
0.000000 0.928571 0.928571 -1.00
0.214286 0.071429 0.071429 1.00
0.142857 0.000000 0.071429 1.00
0.142857 0.071429 0.000000 1.00
0.214286 0.000000 0.000000 1.00
0.142857 0.000000 0.000000 -1.00
0.214286 0.071429 0.000000 -1.00
0.214286 0.000000 0.071429 -1.00
0.142857 0.071429 0.071429 -1.00
0.214286 0.071429 0.214286 1.00
0.142857 0.000000 0.214286 1.00
0.142857 0.071429 0.142857 1.00
0.214286 0.000000 0.142857 1.00
0.142857 0.000000 0.142857 -1.00
0.214286 0.071429 0.142857 -1.00
0.214286 0.000000 0.214286 -1.00
0.142857 0.071429 0.214286 -1.00
0.214286 0.071429 0.357143 1.00
0.142857 0.000000 0.357143 1.00
0.142857 0.071429 0.285714 1.00
0.214286 0.000000 0.285714 1.00
0.142857 0.000000 0.285714 -1.00
0.214286 0.071429 0.285714 -1.00
0.214286 0.000000 0.357143 -1.00
0.142857 0.071429 0.357143 -1.00
0.214286 0.071429 0.500000 1.00
0.142857 0.000000 0.500000 1.00
0.142857 0.071429 0.428571 1.00
0.214286 0.000000 0.428571 1.00
0.142857 0.000000 0.428571 -1.00
0.214286 0.071429 0.428571 -1.00
0.214286 0.000000 0.500000 -1.00
0.142857 0.071429 0.500000 -1.00
0.214286 0.071429 0.642857 1.00
0.142857 0.000000 0.642857 1.00
0.142857 0.071429 0.571429 1.00
0.214286 0.000000 0.571429 1.00
0.142857 0.000000 0.571429 -1.00
0.214286 0.071429 0.571429 -1.00
0.214286 0.000000 0.642857 -1.00
0.142857 0.071429 0.642857 -1.00
0.214286 0.071429 0.785714 1.00
0.142857 0.000000 0.785714 1.00
0.142857 0.071429 0.714286 1.00
0.214286 0.000000 0.714286 1.00
0.142857 0.000000 0.714286 -1.00
0.214286 0.071429 0.714286 -1.00
0.214286 0.000000 0.785714 -1.00
0.142857 0.071429 0.785714 -1.00
0.214286 0.071429 0.928571 1.00
0.142857 0.000000 0.928571 1.00
0.142857 0.071429 0.857143 1.00
0.214286 0.000000 0.857143 1.00
0.142857 0.000000 0.857143 -1.00
0.214286 0.071429 0.857143 -1.00
0.214286 0.000000 0.928571 -1.00
0.142857 0.071429 0.928571 -1.00
0.214286 0.214286 0.071429 1.00
0.142857 0.142857 0.071429 1.00
0.142857 0.214286 0.000000 1.00
0.214286 0.142857 0.000000 1.00
0.142857 0.142857 0.000000 -1.00
0.214286 0.214286 0.000000 -1.00
0.214286 0.142857 0.071429 -1.00
0.142857 0.214286 0.071429 -1.00
0.214286 0.214286 0.214286 1.00
0.142857 0.142857 0.214286 1.00
0.142857 0.214286 0.142857 1.00
0.214286 0.142857 0.142857 1.00
0.142857 0.142857 0.142857 -1.00
0.214286 0.214286 0.142857 -1.00
0.214286 0.142857 0.214286 -1.00
0.142857 0.214286 0.214286 -1.00
0.214286 0.214286 0.357143 1.00
0.142857 0.142857 0.357143 1.00
0.142857 0.214286 0.285714 1.00
0.214286 0.142857 0.285714 1.00
0.142857 0.142857 0.285714 -1.00
0.214286 0.214286 0.285714 -1.00
0.214286 0.142857 0.357143 -1.00
0.142857 0.214286 0.357143 -1.00
0.214286 0.214286 0.500000 1.00
0.142857 0.142857 0.500000 1.00
0.142857 0.214286 0.428571 1.00
0.214286 0.142857 0.428571 1.00
0.142857 0.142857 0.428571 -1.00
0.214286 0.214286 0.428571 -1.00
0.214286 0.142857 0.500000 -1.00
0.142857 0.214286 0.500000 -1.00
0.214286 0.214286 0.642857 1.00
0.142857 0.142857 0.642857 1.00
0.142857 0.214286 0.571429 1.00
0.214286 0.142857 0.571429 1.00
0.142857 0.142857 0.571429 -1.00
0.214286 0.214286 0.571429 -1.00
0.214286 0.142857 0.642857 -1.00
0.142857 0.214286 0.642857 -1.00
0.214286 0.214286 0.785714 1.00
0.142857 0.142857 0.785714 1.00
0.142857 0.214286 0.714286 1.00
0.214286 0.142857 0.714286 1.00
0.142857 0.142857 0.714286 -1.00
0.214286 0.214286 0.714286 -1.00
0.214286 0.142857 0.785714 -1.00
0.142857 0.214286 0.785714 -1.00
0.214286 0.214286 0.928571 1.00
0.142857 0.142857 0.928571 1.00
0.142857 0.214286 0.857143 1.00
0.214286 0.142857 0.857143 1.00
0.142857 0.142857 0.857143 -1.00
0.214286 0.214286 0.857143 -1.00
0.214286 0.142857 0.928571 -1.00
0.142857 0.214286 0.928571 -1.00
0.214286 0.357143 0.071429 1.00
0.142857 0.285714 0.071429 1.00
0.142857 0.357143 0.000000 1.00
0.214286 0.285714 0.000000 1.00
0.142857 0.285714 0.000000 -1.00
0.214286 0.357143 0.000000 -1.00
0.214286 0.285714 0.071429 -1.00
0.142857 0.357143 0.071429 -1.00
0.214286 0.357143 0.214286 1.00
0.142857 0.285714 0.214286 1.00
0.142857 0.357143 0.142857 1.00
0.214286 0.285714 0.142857 1.00
0.142857 0.285714 0.142857 -1.00
0.214286 0.357143 0.142857 -1.00
0.214286 0.285714 0.214286 -1.00
0.142857 0.357143 0.214286 -1.00
0.214286 0.357143 0.357143 1.00
0.142857 0.285714 0.357143 1.00
0.142857 0.357143 0.285714 1.00
0.214286 0.285714 0.285714 1.00
0.142857 0.285714 0.285714 -1.00
0.214286 0.357143 0.285714 -1.00
0.214286 0.285714 0.357143 -1.00
0.142857 0.357143 0.357143 -1.00
0.214286 0.357143 0.500000 1.00
0.142857 0.285714 0.500000 1.00
0.142857 0.357143 0.428571 1.00
0.214286 0.285714 0.428571 1.00
0.142857 0.285714 0.428571 -1.00
0.214286 0.357143 0.428571 -1.00
0.214286 0.285714 0.500000 -1.00
0.142857 0.357143 0.500000 -1.00
0.214286 0.357143 0.642857 1.00
0.142857 0.285714 0.642857 1.00
0.142857 0.357143 0.571429 1.00
0.214286 0.285714 0.571429 1.00
0.142857 0.285714 0.571429 -1.00
0.214286 0.357143 0.571429 -1.00
0.214286 0.285714 0.642857 -1.00
0.142857 0.357143 0.642857 -1.00
0.214286 0.357143 0.785714 1.00
0.142857 0.285714 0.785714 1.00
0.142857 0.357143 0.714286 1.00
0.214286 0.285714 0.714286 1.00
0.142857 0.285714 0.714286 -1.00
0.214286 0.357143 0.714286 -1.00
0.214286 0.285714 0.785714 -1.00
0.142857 0.357143 0.785714 -1.00
0.214286 0.357143 0.928571 1.00
0.142857 0.285714 0.928571 1.00
0.142857 0.357143 0.857143 1.00
0.214286 0.285714 0.857143 1.00
0.142857 0.285714 0.857143 -1.00
0.214286 0.357143 0.857143 -1.00
0.214286 0.285714 0.928571 -1.00
0.142857 0.357143 0.928571 -1.00
0.214286 0.500000 0.071429 1.00
0.142857 0.428571 0.071429 1.00
0.142857 0.500000 0.000000 1.00
0.214286 0.428571 0.000000 1.00
0.142857 0.428571 0.000000 -1.00
0.214286 0.500000 0.000000 -1.00
0.214286 0.428571 0.071429 -1.00
0.142857 0.500000 0.071429 -1.00
0.214286 0.500000 0.214286 1.00
0.142857 0.428571 0.214286 1.00
0.142857 0.500000 0.142857 1.00
0.214286 0.428571 0.142857 1.00
0.142857 0.428571 0.142857 -1.00
0.214286 0.500000 0.142857 -1.00
0.214286 0.428571 0.214286 -1.00
0.142857 0.500000 0.214286 -1.00
0.214286 0.500000 0.357143 1.00
0.142857 0.428571 0.357143 1.00
0.142857 0.500000 0.285714 1.00
0.214286 0.428571 0.285714 1.00
0.142857 0.428571 0.285714 -1.00
0.214286 0.500000 0.285714 -1.00
0.214286 0.428571 0.357143 -1.00
0.142857 0.500000 0.357143 -1.00
0.214286 0.500000 0.500000 1.00
0.142857 0.428571 0.500000 1.00
0.142857 0.500000 0.428571 1.00
0.214286 0.428571 0.428571 1.00
0.142857 0.428571 0.428571 -1.00
0.214286 0.500000 0.428571 -1.00
0.214286 0.428571 0.500000 -1.00
0.142857 0.500000 0.500000 -1.00
0.214286 0.500000 0.642857 1.00
0.142857 0.428571 0.642857 1.00
0.142857 0.500000 0.571429 1.00
0.214286 0.428571 0.571429 1.00
0.142857 0.428571 0.571429 -1.00
0.214286 0.500000 0.571429 -1.00
0.214286 0.428571 0.642857 -1.00
0.142857 0.500000 0.642857 -1.00
0.214286 0.500000 0.785714 1.00
0.142857 0.428571 0.785714 1.00
0.142857 0.500000 0.714286 1.00
0.214286 0.428571 0.714286 1.00
0.142857 0.428571 0.714286 -1.00
0.214286 0.500000 0.714286 -1.00
0.214286 0.428571 0.785714 -1.00
0.142857 0.500000 0.785714 -1.00
0.214286 0.500000 0.928571 1.00
0.142857 0.428571 0.928571 1.00
0.142857 0.500000 0.857143 1.00
0.214286 0.428571 0.857143 1.00
0.142857 0.428571 0.857143 -1.00
0.214286 0.500000 0.857143 -1.00
0.214286 0.428571 0.928571 -1.00
0.142857 0.500000 0.928571 -1.00
0.214286 0.642857 0.071429 1.00
0.142857 0.571429 0.071429 1.00
0.142857 0.642857 0.000000 1.00
0.214286 0.571429 0.000000 1.00
0.142857 0.571429 0.000000 -1.00
0.214286 0.642857 0.000000 -1.00
0.214286 0.571429 0.071429 -1.00
0.142857 0.642857 0.071429 -1.00
0.214286 0.642857 0.214286 1.00
0.142857 0.571429 0.214286 1.00
0.142857 0.642857 0.142857 1.00
0.214286 0.571429 0.142857 1.00
0.142857 0.571429 0.142857 -1.00
0.214286 0.642857 0.142857 -1.00
0.214286 0.571429 0.214286 -1.00
0.142857 0.642857 0.214286 -1.00
0.214286 0.642857 0.357143 1.00
0.142857 0.571429 0.357143 1.00
0.142857 0.642857 0.285714 1.00
0.214286 0.571429 0.285714 1.00
0.142857 0.571429 0.285714 -1.00
0.214286 0.642857 0.285714 -1.00
0.214286 0.571429 0.357143 -1.00
0.142857 0.642857 0.357143 -1.00
0.214286 0.642857 0.500000 1.00
0.142857 0.571429 0.500000 1.00
0.142857 0.642857 0.428571 1.00
0.214286 0.571429 0.428571 1.00
0.142857 0.571429 0.428571 -1.00
0.214286 0.642857 0.428571 -1.00
0.214286 0.571429 0.500000 -1.00
0.142857 0.642857 0.500000 -1.00
0.214286 0.642857 0.642857 1.00
0.142857 0.571429 0.642857 1.00
0.142857 0.642857 0.571429 1.00
0.214286 0.571429 0.571429 1.00
0.142857 0.571429 0.571429 -1.00
0.214286 0.642857 0.571429 -1.00
0.214286 0.571429 0.642857 -1.00
0.142857 0.642857 0.642857 -1.00
0.214286 0.642857 0.785714 1.00
0.142857 0.571429 0.785714 1.00
0.142857 0.642857 0.714286 1.00
0.214286 0.571429 0.714286 1.00
0.142857 0.571429 0.714286 -1.00
0.214286 0.642857 0.714286 -1.00
0.214286 0.571429 0.785714 -1.00
0.142857 0.642857 0.785714 -1.00
0.214286 0.642857 0.928571 1.00
0.142857 0.571429 0.928571 1.00
0.142857 0.642857 0.857143 1.00
0.214286 0.571429 0.857143 1.00
0.142857 0.571429 0.857143 -1.00
0.214286 0.642857 0.857143 -1.00
0.214286 0.571429 0.928571 -1.00
0.142857 0.642857 0.928571 -1.00
0.214286 0.785714 0.071429 1.00
0.142857 0.714286 0.071429 1.00
0.142857 0.785714 0.000000 1.00
0.214286 0.714286 0.000000 1.00
0.142857 0.714286 0.000000 -1.00
0.214286 0.785714 0.000000 -1.00
0.214286 0.714286 0.071429 -1.00
0.142857 0.785714 0.071429 -1.00
0.214286 0.785714 0.214286 1.00
0.142857 0.714286 0.214286 1.00
0.142857 0.785714 0.142857 1.00
0.214286 0.714286 0.142857 1.00
0.142857 0.714286 0.142857 -1.00
0.214286 0.785714 0.142857 -1.00
0.214286 0.714286 0.214286 -1.00
0.142857 0.785714 0.214286 -1.00
0.214286 0.785714 0.357143 1.00
0.142857 0.714286 0.357143 1.00
0.142857 0.785714 0.285714 1.00
0.214286 0.714286 0.285714 1.00
0.142857 0.714286 0.285714 -1.00
0.214286 0.785714 0.285714 -1.00
0.214286 0.714286 0.357143 -1.00
0.142857 0.785714 0.357143 -1.00
0.214286 0.785714 0.500000 1.00
0.142857 0.714286 0.500000 1.00
0.142857 0.785714 0.428571 1.00
0.214286 0.714286 0.428571 1.00
0.142857 0.714286 0.428571 -1.00
0.214286 0.785714 0.428571 -1.00
0.214286 0.714286 0.500000 -1.00
0.142857 0.785714 0.500000 -1.00
0.214286 0.785714 0.642857 1.00
0.142857 0.714286 0.642857 1.00
0.142857 0.785714 0.571429 1.00
0.214286 0.714286 0.571429 1.00
0.142857 0.714286 0.571429 -1.00
0.214286 0.785714 0.571429 -1.00
0.214286 0.714286 0.642857 -1.00
0.142857 0.785714 0.642857 -1.00
0.214286 0.785714 0.785714 1.00
0.142857 0.714286 0.785714 1.00
0.142857 0.785714 0.714286 1.00
0.214286 0.714286 0.714286 1.00
0.142857 0.714286 0.714286 -1.00
0.214286 0.785714 0.714286 -1.00
0.214286 0.714286 0.785714 -1.00
0.142857 0.785714 0.785714 -1.00
0.214286 0.785714 0.928571 1.00
0.142857 0.714286 0.928571 1.00
0.142857 0.785714 0.857143 1.00
0.214286 0.714286 0.857143 1.00
0.142857 0.714286 0.857143 -1.00
0.214286 0.785714 0.857143 -1.00
0.214286 0.714286 0.928571 -1.00
0.142857 0.785714 0.928571 -1.00
0.214286 0.928571 0.071429 1.00
0.142857 0.857143 0.071429 1.00
0.142857 0.928571 0.000000 1.00
0.214286 0.857143 0.000000 1.00
0.142857 0.857143 0.000000 -1.00
0.214286 0.928571 0.000000 -1.00
0.214286 0.857143 0.071429 -1.00
0.142857 0.928571 0.071429 -1.00
0.214286 0.928571 0.214286 1.00
0.142857 0.857143 0.214286 1.00
0.142857 0.928571 0.142857 1.00
0.214286 0.857143 0.142857 1.00
0.142857 0.857143 0.142857 -1.00
0.214286 0.928571 0.142857 -1.00
0.214286 0.857143 0.214286 -1.00
0.142857 0.928571 0.214286 -1.00
0.214286 0.928571 0.357143 1.00
0.142857 0.857143 0.357143 1.00
0.142857 0.928571 0.285714 1.00
0.214286 0.857143 0.285714 1.00
0.142857 0.857143 0.285714 -1.00
0.214286 0.928571 0.285714 -1.00
0.214286 0.857143 0.357143 -1.00
0.142857 0.928571 0.357143 -1.00
0.214286 0.928571 0.500000 1.00
0.142857 0.857143 0.500000 1.00
0.142857 0.928571 0.428571 1.00
0.214286 0.857143 0.428571 1.00
0.142857 0.857143 0.428571 -1.00
0.214286 0.928571 0.428571 -1.00
0.214286 0.857143 0.500000 -1.00
0.142857 0.928571 0.500000 -1.00
0.214286 0.928571 0.642857 1.00
0.142857 0.857143 0.642857 1.00
0.142857 0.928571 0.571429 1.00
0.214286 0.857143 0.571429 1.00
0.142857 0.857143 0.571429 -1.00
0.214286 0.928571 0.571429 -1.00
0.214286 0.857143 0.642857 -1.00
0.142857 0.928571 0.642857 -1.00
0.214286 0.928571 0.785714 1.00
0.142857 0.857143 0.785714 1.00
0.142857 0.928571 0.714286 1.00
0.214286 0.857143 0.714286 1.00
0.142857 0.857143 0.714286 -1.00
0.214286 0.928571 0.714286 -1.00
0.214286 0.857143 0.785714 -1.00
0.142857 0.928571 0.785714 -1.00
0.214286 0.928571 0.928571 1.00
0.142857 0.857143 0.928571 1.00
0.142857 0.928571 0.857143 1.00
0.214286 0.857143 0.857143 1.00
0.142857 0.857143 0.857143 -1.00
0.214286 0.928571 0.857143 -1.00
0.214286 0.857143 0.928571 -1.00
0.142857 0.928571 0.928571 -1.00
0.357143 0.071429 0.071429 1.00
0.285714 0.000000 0.071429 1.00
0.285714 0.071429 0.000000 1.00
0.357143 0.000000 0.000000 1.00
0.285714 0.000000 0.000000 -1.00
0.357143 0.071429 0.000000 -1.00
0.357143 0.000000 0.071429 -1.00
0.285714 0.071429 0.071429 -1.00
0.357143 0.071429 0.214286 1.00
0.285714 0.000000 0.214286 1.00
0.285714 0.071429 0.142857 1.00
0.357143 0.000000 0.142857 1.00
0.285714 0.000000 0.142857 -1.00
0.357143 0.071429 0.142857 -1.00
0.357143 0.000000 0.214286 -1.00
0.285714 0.071429 0.214286 -1.00
0.357143 0.071429 0.357143 1.00
0.285714 0.000000 0.357143 1.00
0.285714 0.071429 0.285714 1.00
0.357143 0.000000 0.285714 1.00
0.285714 0.000000 0.285714 -1.00
0.357143 0.071429 0.285714 -1.00
0.357143 0.000000 0.357143 -1.00
0.285714 0.071429 0.357143 -1.00
0.357143 0.071429 0.500000 1.00
0.285714 0.000000 0.500000 1.00
0.285714 0.071429 0.428571 1.00
0.357143 0.000000 0.428571 1.00
0.285714 0.000000 0.428571 -1.00
0.357143 0.071429 0.428571 -1.00
0.357143 0.000000 0.500000 -1.00
0.285714 0.071429 0.500000 -1.00
0.357143 0.071429 0.642857 1.00
0.285714 0.000000 0.642857 1.00
0.285714 0.071429 0.571429 1.00
0.357143 0.000000 0.571429 1.00
0.285714 0.000000 0.571429 -1.00
0.357143 0.071429 0.571429 -1.00
0.357143 0.000000 0.642857 -1.00
0.285714 0.071429 0.642857 -1.00
0.357143 0.071429 0.785714 1.00
0.285714 0.000000 0.785714 1.00
0.285714 0.071429 0.714286 1.00
0.357143 0.000000 0.714286 1.00
0.285714 0.000000 0.714286 -1.00
0.357143 0.071429 0.714286 -1.00
0.357143 0.000000 0.785714 -1.00
0.285714 0.071429 0.785714 -1.00
0.357143 0.071429 0.928571 1.00
0.285714 0.000000 0.928571 1.00
0.285714 0.071429 0.857143 1.00
0.357143 0.000000 0.857143 1.00
0.285714 0.000000 0.857143 -1.00
0.357143 0.071429 0.857143 -1.00
0.357143 0.000000 0.928571 -1.00
0.285714 0.071429 0.928571 -1.00
0.357143 0.214286 0.071429 1.00
0.285714 0.142857 0.071429 1.00
0.285714 0.214286 0.000000 1.00
0.357143 0.142857 0.000000 1.00
0.285714 0.142857 0.000000 -1.00
0.357143 0.214286 0.000000 -1.00
0.357143 0.142857 0.071429 -1.00
0.285714 0.214286 0.071429 -1.00
0.357143 0.214286 0.214286 1.00
0.285714 0.142857 0.214286 1.00
0.285714 0.214286 0.142857 1.00
0.357143 0.142857 0.142857 1.00
0.285714 0.142857 0.142857 -1.00
0.357143 0.214286 0.142857 -1.00
0.357143 0.142857 0.214286 -1.00
0.285714 0.214286 0.214286 -1.00
0.357143 0.214286 0.357143 1.00
0.285714 0.142857 0.357143 1.00
0.285714 0.214286 0.285714 1.00
0.357143 0.142857 0.285714 1.00
0.285714 0.142857 0.285714 -1.00
0.357143 0.214286 0.285714 -1.00
0.357143 0.142857 0.357143 -1.00
0.285714 0.214286 0.357143 -1.00
0.357143 0.214286 0.500000 1.00
0.285714 0.142857 0.500000 1.00
0.285714 0.214286 0.428571 1.00
0.357143 0.142857 0.428571 1.00
0.285714 0.142857 0.428571 -1.00
0.357143 0.214286 0.428571 -1.00
0.357143 0.142857 0.500000 -1.00
0.285714 0.214286 0.500000 -1.00
0.357143 0.214286 0.642857 1.00
0.285714 0.142857 0.642857 1.00
0.285714 0.214286 0.571429 1.00
0.357143 0.142857 0.571429 1.00
0.285714 0.142857 0.571429 -1.00
0.357143 0.214286 0.571429 -1.00
0.357143 0.142857 0.642857 -1.00
0.285714 0.214286 0.642857 -1.00
0.357143 0.214286 0.785714 1.00
0.285714 0.142857 0.785714 1.00
0.285714 0.214286 0.714286 1.00
0.357143 0.142857 0.714286 1.00
0.285714 0.142857 0.714286 -1.00
0.357143 0.214286 0.714286 -1.00
0.357143 0.142857 0.785714 -1.00
0.285714 0.214286 0.785714 -1.00
0.357143 0.214286 0.928571 1.00
0.285714 0.142857 0.928571 1.00
0.285714 0.214286 0.857143 1.00
0.357143 0.142857 0.857143 1.00
0.285714 0.142857 0.857143 -1.00
0.357143 0.214286 0.857143 -1.00
0.357143 0.142857 0.928571 -1.00
0.285714 0.214286 0.928571 -1.00
0.357143 0.357143 0.071429 1.00
0.285714 0.285714 0.071429 1.00
0.285714 0.357143 0.000000 1.00
0.357143 0.285714 0.000000 1.00
0.285714 0.285714 0.000000 -1.00
0.357143 0.357143 0.000000 -1.00
0.357143 0.285714 0.071429 -1.00
0.285714 0.357143 0.071429 -1.00
0.357143 0.357143 0.214286 1.00
0.285714 0.285714 0.214286 1.00
0.285714 0.357143 0.142857 1.00
0.357143 0.285714 0.142857 1.00
0.285714 0.285714 0.142857 -1.00
0.357143 0.357143 0.142857 -1.00
0.357143 0.285714 0.214286 -1.00
0.285714 0.357143 0.214286 -1.00
0.357143 0.357143 0.357143 1.00
0.285714 0.285714 0.357143 1.00
0.285714 0.357143 0.285714 1.00
0.357143 0.285714 0.285714 1.00
0.285714 0.285714 0.285714 -1.00
0.357143 0.357143 0.285714 -1.00
0.357143 0.285714 0.357143 -1.00
0.285714 0.357143 0.357143 -1.00
0.357143 0.357143 0.500000 1.00
0.285714 0.285714 0.500000 1.00
0.285714 0.357143 0.428571 1.00
0.357143 0.285714 0.428571 1.00
0.285714 0.285714 0.428571 -1.00
0.357143 0.357143 0.428571 -1.00
0.357143 0.285714 0.500000 -1.00
0.285714 0.357143 0.500000 -1.00
0.357143 0.357143 0.642857 1.00
0.285714 0.285714 0.642857 1.00
0.285714 0.357143 0.571429 1.00
0.357143 0.285714 0.571429 1.00
0.285714 0.285714 0.571429 -1.00
0.357143 0.357143 0.571429 -1.00
0.357143 0.285714 0.642857 -1.00
0.285714 0.357143 0.642857 -1.00
0.357143 0.357143 0.785714 1.00
0.285714 0.285714 0.785714 1.00
0.285714 0.357143 0.714286 1.00
0.357143 0.285714 0.714286 1.00
0.285714 0.285714 0.714286 -1.00
0.357143 0.357143 0.714286 -1.00
0.357143 0.285714 0.785714 -1.00
0.285714 0.357143 0.785714 -1.00
0.357143 0.357143 0.928571 1.00
0.285714 0.285714 0.928571 1.00
0.285714 0.357143 0.857143 1.00
0.357143 0.285714 0.857143 1.00
0.285714 0.285714 0.857143 -1.00
0.357143 0.357143 0.857143 -1.00
0.357143 0.285714 0.928571 -1.00
0.285714 0.357143 0.928571 -1.00
0.357143 0.500000 0.071429 1.00
0.285714 0.428571 0.071429 1.00
0.285714 0.500000 0.000000 1.00
0.357143 0.428571 0.000000 1.00
0.285714 0.428571 0.000000 -1.00
0.357143 0.500000 0.000000 -1.00
0.357143 0.428571 0.071429 -1.00
0.285714 0.500000 0.071429 -1.00
0.357143 0.500000 0.214286 1.00
0.285714 0.428571 0.214286 1.00
0.285714 0.500000 0.142857 1.00
0.357143 0.428571 0.142857 1.00
0.285714 0.428571 0.142857 -1.00
0.357143 0.500000 0.142857 -1.00
0.357143 0.428571 0.214286 -1.00
0.285714 0.500000 0.214286 -1.00
0.357143 0.500000 0.357143 1.00
0.285714 0.428571 0.357143 1.00
0.285714 0.500000 0.285714 1.00
0.357143 0.428571 0.285714 1.00
0.285714 0.428571 0.285714 -1.00
0.357143 0.500000 0.285714 -1.00
0.357143 0.428571 0.357143 -1.00
0.285714 0.500000 0.357143 -1.00
0.357143 0.500000 0.500000 1.00
0.285714 0.428571 0.500000 1.00
0.285714 0.500000 0.428571 1.00
0.357143 0.428571 0.428571 1.00
0.285714 0.428571 0.428571 -1.00
0.357143 0.500000 0.428571 -1.00
0.357143 0.428571 0.500000 -1.00
0.285714 0.500000 0.500000 -1.00
0.357143 0.500000 0.642857 1.00
0.285714 0.428571 0.642857 1.00
0.285714 0.500000 0.571429 1.00
0.357143 0.428571 0.571429 1.00
0.285714 0.428571 0.571429 -1.00
0.357143 0.500000 0.571429 -1.00
0.357143 0.428571 0.642857 -1.00
0.285714 0.500000 0.642857 -1.00
0.357143 0.500000 0.785714 1.00
0.285714 0.428571 0.785714 1.00
0.285714 0.500000 0.714286 1.00
0.357143 0.428571 0.714286 1.00
0.285714 0.428571 0.714286 -1.00
0.357143 0.500000 0.714286 -1.00
0.357143 0.428571 0.785714 -1.00
0.285714 0.500000 0.785714 -1.00
0.357143 0.500000 0.928571 1.00
0.285714 0.428571 0.928571 1.00
0.285714 0.500000 0.857143 1.00
0.357143 0.428571 0.857143 1.00
0.285714 0.428571 0.857143 -1.00
0.357143 0.500000 0.857143 -1.00
0.357143 0.428571 0.928571 -1.00
0.285714 0.500000 0.928571 -1.00
0.357143 0.642857 0.071429 1.00
0.285714 0.571429 0.071429 1.00
0.285714 0.642857 0.000000 1.00
0.357143 0.571429 0.000000 1.00
0.285714 0.571429 0.000000 -1.00
0.357143 0.642857 0.000000 -1.00
0.357143 0.571429 0.071429 -1.00
0.285714 0.642857 0.071429 -1.00
0.357143 0.642857 0.214286 1.00
0.285714 0.571429 0.214286 1.00
0.285714 0.642857 0.142857 1.00
0.357143 0.571429 0.142857 1.00
0.285714 0.571429 0.142857 -1.00
0.357143 0.642857 0.142857 -1.00
0.357143 0.571429 0.214286 -1.00
0.285714 0.642857 0.214286 -1.00
0.357143 0.642857 0.357143 1.00
0.285714 0.571429 0.357143 1.00
0.285714 0.642857 0.285714 1.00
0.357143 0.571429 0.285714 1.00
0.285714 0.571429 0.285714 -1.00
0.357143 0.642857 0.285714 -1.00
0.357143 0.571429 0.357143 -1.00
0.285714 0.642857 0.357143 -1.00
0.357143 0.642857 0.500000 1.00
0.285714 0.571429 0.500000 1.00
0.285714 0.642857 0.428571 1.00
0.357143 0.571429 0.428571 1.00
0.285714 0.571429 0.428571 -1.00
0.357143 0.642857 0.428571 -1.00
0.357143 0.571429 0.500000 -1.00
0.285714 0.642857 0.500000 -1.00
0.357143 0.642857 0.642857 1.00
0.285714 0.571429 0.642857 1.00
0.285714 0.642857 0.571429 1.00
0.357143 0.571429 0.571429 1.00
0.285714 0.571429 0.571429 -1.00
0.357143 0.642857 0.571429 -1.00
0.357143 0.571429 0.642857 -1.00
0.285714 0.642857 0.642857 -1.00
0.357143 0.642857 0.785714 1.00
0.285714 0.571429 0.785714 1.00
0.285714 0.642857 0.714286 1.00
0.357143 0.571429 0.714286 1.00
0.285714 0.571429 0.714286 -1.00
0.357143 0.642857 0.714286 -1.00
0.357143 0.571429 0.785714 -1.00
0.285714 0.642857 0.785714 -1.00
0.357143 0.642857 0.928571 1.00
0.285714 0.571429 0.928571 1.00
0.285714 0.642857 0.857143 1.00
0.357143 0.571429 0.857143 1.00
0.285714 0.571429 0.857143 -1.00
0.357143 0.642857 0.857143 -1.00
0.357143 0.571429 0.928571 -1.00
0.285714 0.642857 0.928571 -1.00
0.357143 0.785714 0.071429 1.00
0.285714 0.714286 0.071429 1.00
0.285714 0.785714 0.000000 1.00
0.357143 0.714286 0.000000 1.00
0.285714 0.714286 0.000000 -1.00
0.357143 0.785714 0.000000 -1.00
0.357143 0.714286 0.071429 -1.00
0.285714 0.785714 0.071429 -1.00
0.357143 0.785714 0.214286 1.00
0.285714 0.714286 0.214286 1.00
0.285714 0.785714 0.142857 1.00
0.357143 0.714286 0.142857 1.00
0.285714 0.714286 0.142857 -1.00
0.357143 0.785714 0.142857 -1.00
0.357143 0.714286 0.214286 -1.00
0.285714 0.785714 0.214286 -1.00
0.357143 0.785714 0.357143 1.00
0.285714 0.714286 0.357143 1.00
0.285714 0.785714 0.285714 1.00
0.357143 0.714286 0.285714 1.00
0.285714 0.714286 0.285714 -1.00
0.357143 0.785714 0.285714 -1.00
0.357143 0.714286 0.357143 -1.00
0.285714 0.785714 0.357143 -1.00
0.357143 0.785714 0.500000 1.00
0.285714 0.714286 0.500000 1.00
0.285714 0.785714 0.428571 1.00
0.357143 0.714286 0.428571 1.00
0.285714 0.714286 0.428571 -1.00
0.357143 0.785714 0.428571 -1.00
0.357143 0.714286 0.500000 -1.00
0.285714 0.785714 0.500000 -1.00
0.357143 0.785714 0.642857 1.00
0.285714 0.714286 0.642857 1.00
0.285714 0.785714 0.571429 1.00
0.357143 0.714286 0.571429 1.00
0.285714 0.714286 0.571429 -1.00
0.357143 0.785714 0.571429 -1.00
0.357143 0.714286 0.642857 -1.00
0.285714 0.785714 0.642857 -1.00
0.357143 0.785714 0.785714 1.00
0.285714 0.714286 0.785714 1.00
0.285714 0.785714 0.714286 1.00
0.357143 0.714286 0.714286 1.00
0.285714 0.714286 0.714286 -1.00
0.357143 0.785714 0.714286 -1.00
0.357143 0.714286 0.785714 -1.00
0.285714 0.785714 0.785714 -1.00
0.357143 0.785714 0.928571 1.00
0.285714 0.714286 0.928571 1.00
0.285714 0.785714 0.857143 1.00
0.357143 0.714286 0.857143 1.00
0.285714 0.714286 0.857143 -1.00
0.357143 0.785714 0.857143 -1.00
0.357143 0.714286 0.928571 -1.00
0.285714 0.785714 0.928571 -1.00
0.357143 0.928571 0.071429 1.00
0.285714 0.857143 0.071429 1.00
0.285714 0.928571 0.000000 1.00
0.357143 0.857143 0.000000 1.00
0.285714 0.857143 0.000000 -1.00
0.357143 0.928571 0.000000 -1.00
0.357143 0.857143 0.071429 -1.00
0.285714 0.928571 0.071429 -1.00
0.357143 0.928571 0.214286 1.00
0.285714 0.857143 0.214286 1.00
0.285714 0.928571 0.142857 1.00
0.357143 0.857143 0.142857 1.00
0.285714 0.857143 0.142857 -1.00
0.357143 0.928571 0.142857 -1.00
0.357143 0.857143 0.214286 -1.00
0.285714 0.928571 0.214286 -1.00
0.357143 0.928571 0.357143 1.00
0.285714 0.857143 0.357143 1.00
0.285714 0.928571 0.285714 1.00
0.357143 0.857143 0.285714 1.00
0.285714 0.857143 0.285714 -1.00
0.357143 0.928571 0.285714 -1.00
0.357143 0.857143 0.357143 -1.00
0.285714 0.928571 0.357143 -1.00
0.357143 0.928571 0.500000 1.00
0.285714 0.857143 0.500000 1.00
0.285714 0.928571 0.428571 1.00
0.357143 0.857143 0.428571 1.00
0.285714 0.857143 0.428571 -1.00
0.357143 0.928571 0.428571 -1.00
0.357143 0.857143 0.500000 -1.00
0.285714 0.928571 0.500000 -1.00
0.357143 0.928571 0.642857 1.00
0.285714 0.857143 0.642857 1.00
0.285714 0.928571 0.571429 1.00
0.357143 0.857143 0.571429 1.00
0.285714 0.857143 0.571429 -1.00
0.357143 0.928571 0.571429 -1.00
0.357143 0.857143 0.642857 -1.00
0.285714 0.928571 0.642857 -1.00
0.357143 0.928571 0.785714 1.00
0.285714 0.857143 0.785714 1.00
0.285714 0.928571 0.714286 1.00
0.357143 0.857143 0.714286 1.00
0.285714 0.857143 0.714286 -1.00
0.357143 0.928571 0.714286 -1.00
0.357143 0.857143 0.785714 -1.00
0.285714 0.928571 0.785714 -1.00
0.357143 0.928571 0.928571 1.00
0.285714 0.857143 0.928571 1.00
0.285714 0.928571 0.857143 1.00
0.357143 0.857143 0.857143 1.00
0.285714 0.857143 0.857143 -1.00
0.357143 0.928571 0.857143 -1.00
0.357143 0.857143 0.928571 -1.00
0.285714 0.928571 0.928571 -1.00
0.500000 0.071429 0.071429 1.00
0.428571 0.000000 0.071429 1.00
0.428571 0.071429 0.000000 1.00
0.500000 0.000000 0.000000 1.00
0.428571 0.000000 0.000000 -1.00
0.500000 0.071429 0.000000 -1.00
0.500000 0.000000 0.071429 -1.00
0.428571 0.071429 0.071429 -1.00
0.500000 0.071429 0.214286 1.00
0.428571 0.000000 0.214286 1.00
0.428571 0.071429 0.142857 1.00
0.500000 0.000000 0.142857 1.00
0.428571 0.000000 0.142857 -1.00
0.500000 0.071429 0.142857 -1.00
0.500000 0.000000 0.214286 -1.00
0.428571 0.071429 0.214286 -1.00
0.500000 0.071429 0.357143 1.00
0.428571 0.000000 0.357143 1.00
0.428571 0.071429 0.285714 1.00
0.500000 0.000000 0.285714 1.00
0.428571 0.000000 0.285714 -1.00
0.500000 0.071429 0.285714 -1.00
0.500000 0.000000 0.357143 -1.00
0.428571 0.071429 0.357143 -1.00
0.500000 0.071429 0.500000 1.00
0.428571 0.000000 0.500000 1.00
0.428571 0.071429 0.428571 1.00
0.500000 0.000000 0.428571 1.00
0.428571 0.000000 0.428571 -1.00
0.500000 0.071429 0.428571 -1.00
0.500000 0.000000 0.500000 -1.00
0.428571 0.071429 0.500000 -1.00
0.500000 0.071429 0.642857 1.00
0.428571 0.000000 0.642857 1.00
0.428571 0.071429 0.571429 1.00
0.500000 0.000000 0.571429 1.00
0.428571 0.000000 0.571429 -1.00
0.500000 0.071429 0.571429 -1.00
0.500000 0.000000 0.642857 -1.00
0.428571 0.071429 0.642857 -1.00
0.500000 0.071429 0.785714 1.00
0.428571 0.000000 0.785714 1.00
0.428571 0.071429 0.714286 1.00
0.500000 0.000000 0.714286 1.00
0.428571 0.000000 0.714286 -1.00
0.500000 0.071429 0.714286 -1.00
0.500000 0.000000 0.785714 -1.00
0.428571 0.071429 0.785714 -1.00
0.500000 0.071429 0.928571 1.00
0.428571 0.000000 0.928571 1.00
0.428571 0.071429 0.857143 1.00
0.500000 0.000000 0.857143 1.00
0.428571 0.000000 0.857143 -1.00
0.500000 0.071429 0.857143 -1.00
0.500000 0.000000 0.928571 -1.00
0.428571 0.071429 0.928571 -1.00
0.500000 0.214286 0.071429 1.00
0.428571 0.142857 0.071429 1.00
0.428571 0.214286 0.000000 1.00
0.500000 0.142857 0.000000 1.00
0.428571 0.142857 0.000000 -1.00
0.500000 0.214286 0.000000 -1.00
0.500000 0.142857 0.071429 -1.00
0.428571 0.214286 0.071429 -1.00
0.500000 0.214286 0.214286 1.00
0.428571 0.142857 0.214286 1.00
0.428571 0.214286 0.142857 1.00
0.500000 0.142857 0.142857 1.00
0.428571 0.142857 0.142857 -1.00
0.500000 0.214286 0.142857 -1.00
0.500000 0.142857 0.214286 -1.00
0.428571 0.214286 0.214286 -1.00
0.500000 0.214286 0.357143 1.00
0.428571 0.142857 0.357143 1.00
0.428571 0.214286 0.285714 1.00
0.500000 0.142857 0.285714 1.00
0.428571 0.142857 0.285714 -1.00
0.500000 0.214286 0.285714 -1.00
0.500000 0.142857 0.357143 -1.00
0.428571 0.214286 0.357143 -1.00
0.500000 0.214286 0.500000 1.00
0.428571 0.142857 0.500000 1.00
0.428571 0.214286 0.428571 1.00
0.500000 0.142857 0.428571 1.00
0.428571 0.142857 0.428571 -1.00
0.500000 0.214286 0.428571 -1.00
0.500000 0.142857 0.500000 -1.00
0.428571 0.214286 0.500000 -1.00
0.500000 0.214286 0.642857 1.00
0.428571 0.142857 0.642857 1.00
0.428571 0.214286 0.571429 1.00
0.500000 0.142857 0.571429 1.00
0.428571 0.142857 0.571429 -1.00
0.500000 0.214286 0.571429 -1.00
0.500000 0.142857 0.642857 -1.00
0.428571 0.214286 0.642857 -1.00
0.500000 0.214286 0.785714 1.00
0.428571 0.142857 0.785714 1.00
0.428571 0.214286 0.714286 1.00
0.500000 0.142857 0.714286 1.00
0.428571 0.142857 0.714286 -1.00
0.500000 0.214286 0.714286 -1.00
0.500000 0.142857 0.785714 -1.00
0.428571 0.214286 0.785714 -1.00
0.500000 0.214286 0.928571 1.00
0.428571 0.142857 0.928571 1.00
0.428571 0.214286 0.857143 1.00
0.500000 0.142857 0.857143 1.00
0.428571 0.142857 0.857143 -1.00
0.500000 0.214286 0.857143 -1.00
0.500000 0.142857 0.928571 -1.00
0.428571 0.214286 0.928571 -1.00
0.500000 0.357143 0.071429 1.00
0.428571 0.285714 0.071429 1.00
0.428571 0.357143 0.000000 1.00
0.500000 0.285714 0.000000 1.00
0.428571 0.285714 0.000000 -1.00
0.500000 0.357143 0.000000 -1.00
0.500000 0.285714 0.071429 -1.00
0.428571 0.357143 0.071429 -1.00
0.500000 0.357143 0.214286 1.00
0.428571 0.285714 0.214286 1.00
0.428571 0.357143 0.142857 1.00
0.500000 0.285714 0.142857 1.00
0.428571 0.285714 0.142857 -1.00
0.500000 0.357143 0.142857 -1.00
0.500000 0.285714 0.214286 -1.00
0.428571 0.357143 0.214286 -1.00
0.500000 0.357143 0.357143 1.00
0.428571 0.285714 0.357143 1.00
0.428571 0.357143 0.285714 1.00
0.500000 0.285714 0.285714 1.00
0.428571 0.285714 0.285714 -1.00
0.500000 0.357143 0.285714 -1.00
0.500000 0.285714 0.357143 -1.00
0.428571 0.357143 0.357143 -1.00
0.500000 0.357143 0.500000 1.00
0.428571 0.285714 0.500000 1.00
0.428571 0.357143 0.428571 1.00
0.500000 0.285714 0.428571 1.00
0.428571 0.285714 0.428571 -1.00
0.500000 0.357143 0.428571 -1.00
0.500000 0.285714 0.500000 -1.00
0.428571 0.357143 0.500000 -1.00
0.500000 0.357143 0.642857 1.00
0.428571 0.285714 0.642857 1.00
0.428571 0.357143 0.571429 1.00
0.500000 0.285714 0.571429 1.00
0.428571 0.285714 0.571429 -1.00
0.500000 0.357143 0.571429 -1.00
0.500000 0.285714 0.642857 -1.00
0.428571 0.357143 0.642857 -1.00
0.500000 0.357143 0.785714 1.00
0.428571 0.285714 0.785714 1.00
0.428571 0.357143 0.714286 1.00
0.500000 0.285714 0.714286 1.00
0.428571 0.285714 0.714286 -1.00
0.500000 0.357143 0.714286 -1.00
0.500000 0.285714 0.785714 -1.00
0.428571 0.357143 0.785714 -1.00
0.500000 0.357143 0.928571 1.00
0.428571 0.285714 0.928571 1.00
0.428571 0.357143 0.857143 1.00
0.500000 0.285714 0.857143 1.00
0.428571 0.285714 0.857143 -1.00
0.500000 0.357143 0.857143 -1.00
0.500000 0.285714 0.928571 -1.00
0.428571 0.357143 0.928571 -1.00
0.500000 0.500000 0.071429 1.00
0.428571 0.428571 0.071429 1.00
0.428571 0.500000 0.000000 1.00
0.500000 0.428571 0.000000 1.00
0.428571 0.428571 0.000000 -1.00
0.500000 0.500000 0.000000 -1.00
0.500000 0.428571 0.071429 -1.00
0.428571 0.500000 0.071429 -1.00
0.500000 0.500000 0.214286 1.00
0.428571 0.428571 0.214286 1.00
0.428571 0.500000 0.142857 1.00
0.500000 0.428571 0.142857 1.00
0.428571 0.428571 0.142857 -1.00
0.500000 0.500000 0.142857 -1.00
0.500000 0.428571 0.214286 -1.00
0.428571 0.500000 0.214286 -1.00
0.500000 0.500000 0.357143 1.00
0.428571 0.428571 0.357143 1.00
0.428571 0.500000 0.285714 1.00
0.500000 0.428571 0.285714 1.00
0.428571 0.428571 0.285714 -1.00
0.500000 0.500000 0.285714 -1.00
0.500000 0.428571 0.357143 -1.00
0.428571 0.500000 0.357143 -1.00
0.500000 0.500000 0.500000 1.00
0.428571 0.428571 0.500000 1.00
0.428571 0.500000 0.428571 1.00
0.500000 0.428571 0.428571 1.00
0.428571 0.428571 0.428571 -1.00
0.500000 0.500000 0.428571 -1.00
0.500000 0.428571 0.500000 -1.00
0.428571 0.500000 0.500000 -1.00
0.500000 0.500000 0.642857 1.00
0.428571 0.428571 0.642857 1.00
0.428571 0.500000 0.571429 1.00
0.500000 0.428571 0.571429 1.00
0.428571 0.428571 0.571429 -1.00
0.500000 0.500000 0.571429 -1.00
0.500000 0.428571 0.642857 -1.00
0.428571 0.500000 0.642857 -1.00
0.500000 0.500000 0.785714 1.00
0.428571 0.428571 0.785714 1.00
0.428571 0.500000 0.714286 1.00
0.500000 0.428571 0.714286 1.00
0.428571 0.428571 0.714286 -1.00
0.500000 0.500000 0.714286 -1.00
0.500000 0.428571 0.785714 -1.00
0.428571 0.500000 0.785714 -1.00
0.500000 0.500000 0.928571 1.00
0.428571 0.428571 0.928571 1.00
0.428571 0.500000 0.857143 1.00
0.500000 0.428571 0.857143 1.00
0.428571 0.428571 0.857143 -1.00
0.500000 0.500000 0.857143 -1.00
0.500000 0.428571 0.928571 -1.00
0.428571 0.500000 0.928571 -1.00
0.500000 0.642857 0.071429 1.00
0.428571 0.571429 0.071429 1.00
0.428571 0.642857 0.000000 1.00
0.500000 0.571429 0.000000 1.00
0.428571 0.571429 0.000000 -1.00
0.500000 0.642857 0.000000 -1.00
0.500000 0.571429 0.071429 -1.00
0.428571 0.642857 0.071429 -1.00
0.500000 0.642857 0.214286 1.00
0.428571 0.571429 0.214286 1.00
0.428571 0.642857 0.142857 1.00
0.500000 0.571429 0.142857 1.00
0.428571 0.571429 0.142857 -1.00
0.500000 0.642857 0.142857 -1.00
0.500000 0.571429 0.214286 -1.00
0.428571 0.642857 0.214286 -1.00
0.500000 0.642857 0.357143 1.00
0.428571 0.571429 0.357143 1.00
0.428571 0.642857 0.285714 1.00
0.500000 0.571429 0.285714 1.00
0.428571 0.571429 0.285714 -1.00
0.500000 0.642857 0.285714 -1.00
0.500000 0.571429 0.357143 -1.00
0.428571 0.642857 0.357143 -1.00
0.500000 0.642857 0.500000 1.00
0.428571 0.571429 0.500000 1.00
0.428571 0.642857 0.428571 1.00
0.500000 0.571429 0.428571 1.00
0.428571 0.571429 0.428571 -1.00
0.500000 0.642857 0.428571 -1.00
0.500000 0.571429 0.500000 -1.00
0.428571 0.642857 0.500000 -1.00
0.500000 0.642857 0.642857 1.00
0.428571 0.571429 0.642857 1.00
0.428571 0.642857 0.571429 1.00
0.500000 0.571429 0.571429 1.00
0.428571 0.571429 0.571429 -1.00
0.500000 0.642857 0.571429 -1.00
0.500000 0.571429 0.642857 -1.00
0.428571 0.642857 0.642857 -1.00
0.500000 0.642857 0.785714 1.00
0.428571 0.571429 0.785714 1.00
0.428571 0.642857 0.714286 1.00
0.500000 0.571429 0.714286 1.00
0.428571 0.571429 0.714286 -1.00
0.500000 0.642857 0.714286 -1.00
0.500000 0.571429 0.785714 -1.00
0.428571 0.642857 0.785714 -1.00
0.500000 0.642857 0.928571 1.00
0.428571 0.571429 0.928571 1.00
0.428571 0.642857 0.857143 1.00
0.500000 0.571429 0.857143 1.00
0.428571 0.571429 0.857143 -1.00
0.500000 0.642857 0.857143 -1.00
0.500000 0.571429 0.928571 -1.00
0.428571 0.642857 0.928571 -1.00
0.500000 0.785714 0.071429 1.00
0.428571 0.714286 0.071429 1.00
0.428571 0.785714 0.000000 1.00
0.500000 0.714286 0.000000 1.00
0.428571 0.714286 0.000000 -1.00
0.500000 0.785714 0.000000 -1.00
0.500000 0.714286 0.071429 -1.00
0.428571 0.785714 0.071429 -1.00
0.500000 0.785714 0.214286 1.00
0.428571 0.714286 0.214286 1.00
0.428571 0.785714 0.142857 1.00
0.500000 0.714286 0.142857 1.00
0.428571 0.714286 0.142857 -1.00
0.500000 0.785714 0.142857 -1.00
0.500000 0.714286 0.214286 -1.00
0.428571 0.785714 0.214286 -1.00
0.500000 0.785714 0.357143 1.00
0.428571 0.714286 0.357143 1.00
0.428571 0.785714 0.285714 1.00
0.500000 0.714286 0.285714 1.00
0.428571 0.714286 0.285714 -1.00
0.500000 0.785714 0.285714 -1.00
0.500000 0.714286 0.357143 -1.00
0.428571 0.785714 0.357143 -1.00
0.500000 0.785714 0.500000 1.00
0.428571 0.714286 0.500000 1.00
0.428571 0.785714 0.428571 1.00
0.500000 0.714286 0.428571 1.00
0.428571 0.714286 0.428571 -1.00
0.500000 0.785714 0.428571 -1.00
0.500000 0.714286 0.500000 -1.00
0.428571 0.785714 0.500000 -1.00
0.500000 0.785714 0.642857 1.00
0.428571 0.714286 0.642857 1.00
0.428571 0.785714 0.571429 1.00
0.500000 0.714286 0.571429 1.00
0.428571 0.714286 0.571429 -1.00
0.500000 0.785714 0.571429 -1.00
0.500000 0.714286 0.642857 -1.00
0.428571 0.785714 0.642857 -1.00
0.500000 0.785714 0.785714 1.00
0.428571 0.714286 0.785714 1.00
0.428571 0.785714 0.714286 1.00
0.500000 0.714286 0.714286 1.00
0.428571 0.714286 0.714286 -1.00
0.500000 0.785714 0.714286 -1.00
0.500000 0.714286 0.785714 -1.00
0.428571 0.785714 0.785714 -1.00
0.500000 0.785714 0.928571 1.00
0.428571 0.714286 0.928571 1.00
0.428571 0.785714 0.857143 1.00
0.500000 0.714286 0.857143 1.00
0.428571 0.714286 0.857143 -1.00
0.500000 0.785714 0.857143 -1.00
0.500000 0.714286 0.928571 -1.00
0.428571 0.785714 0.928571 -1.00
0.500000 0.928571 0.071429 1.00
0.428571 0.857143 0.071429 1.00
0.428571 0.928571 0.000000 1.00
0.500000 0.857143 0.000000 1.00
0.428571 0.857143 0.000000 -1.00
0.500000 0.928571 0.000000 -1.00
0.500000 0.857143 0.071429 -1.00
0.428571 0.928571 0.071429 -1.00
0.500000 0.928571 0.214286 1.00
0.428571 0.857143 0.214286 1.00
0.428571 0.928571 0.142857 1.00
0.500000 0.857143 0.142857 1.00
0.428571 0.857143 0.142857 -1.00
0.500000 0.928571 0.142857 -1.00
0.500000 0.857143 0.214286 -1.00
0.428571 0.928571 0.214286 -1.00
0.500000 0.928571 0.357143 1.00
0.428571 0.857143 0.357143 1.00
0.428571 0.928571 0.285714 1.00
0.500000 0.857143 0.285714 1.00
0.428571 0.857143 0.285714 -1.00
0.500000 0.928571 0.285714 -1.00
0.500000 0.857143 0.357143 -1.00
0.428571 0.928571 0.357143 -1.00
0.500000 0.928571 0.500000 1.00
0.428571 0.857143 0.500000 1.00
0.428571 0.928571 0.428571 1.00
0.500000 0.857143 0.428571 1.00
0.428571 0.857143 0.428571 -1.00
0.500000 0.928571 0.428571 -1.00
0.500000 0.857143 0.500000 -1.00
0.428571 0.928571 0.500000 -1.00
0.500000 0.928571 0.642857 1.00
0.428571 0.857143 0.642857 1.00
0.428571 0.928571 0.571429 1.00
0.500000 0.857143 0.571429 1.00
0.428571 0.857143 0.571429 -1.00
0.500000 0.928571 0.571429 -1.00
0.500000 0.857143 0.642857 -1.00
0.428571 0.928571 0.642857 -1.00
0.500000 0.928571 0.785714 1.00
0.428571 0.857143 0.785714 1.00
0.428571 0.928571 0.714286 1.00
0.500000 0.857143 0.714286 1.00
0.428571 0.857143 0.714286 -1.00
0.500000 0.928571 0.714286 -1.00
0.500000 0.857143 0.785714 -1.00
0.428571 0.928571 0.785714 -1.00
0.500000 0.928571 0.928571 1.00
0.428571 0.857143 0.928571 1.00
0.428571 0.928571 0.857143 1.00
0.500000 0.857143 0.857143 1.00
0.428571 0.857143 0.857143 -1.00
0.500000 0.928571 0.857143 -1.00
0.500000 0.857143 0.928571 -1.00
0.428571 0.928571 0.928571 -1.00
0.642857 0.071429 0.071429 1.00
0.571429 0.000000 0.071429 1.00
0.571429 0.071429 0.000000 1.00
0.642857 0.000000 0.000000 1.00
0.571429 0.000000 0.000000 -1.00
0.642857 0.071429 0.000000 -1.00
0.642857 0.000000 0.071429 -1.00
0.571429 0.071429 0.071429 -1.00
0.642857 0.071429 0.214286 1.00
0.571429 0.000000 0.214286 1.00
0.571429 0.071429 0.142857 1.00
0.642857 0.000000 0.142857 1.00
0.571429 0.000000 0.142857 -1.00
0.642857 0.071429 0.142857 -1.00
0.642857 0.000000 0.214286 -1.00
0.571429 0.071429 0.214286 -1.00
0.642857 0.071429 0.357143 1.00
0.571429 0.000000 0.357143 1.00
0.571429 0.071429 0.285714 1.00
0.642857 0.000000 0.285714 1.00
0.571429 0.000000 0.285714 -1.00
0.642857 0.071429 0.285714 -1.00
0.642857 0.000000 0.357143 -1.00
0.571429 0.071429 0.357143 -1.00
0.642857 0.071429 0.500000 1.00
0.571429 0.000000 0.500000 1.00
0.571429 0.071429 0.428571 1.00
0.642857 0.000000 0.428571 1.00
0.571429 0.000000 0.428571 -1.00
0.642857 0.071429 0.428571 -1.00
0.642857 0.000000 0.500000 -1.00
0.571429 0.071429 0.500000 -1.00
0.642857 0.071429 0.642857 1.00
0.571429 0.000000 0.642857 1.00
0.571429 0.071429 0.571429 1.00
0.642857 0.000000 0.571429 1.00
0.571429 0.000000 0.571429 -1.00
0.642857 0.071429 0.571429 -1.00
0.642857 0.000000 0.642857 -1.00
0.571429 0.071429 0.642857 -1.00
0.642857 0.071429 0.785714 1.00
0.571429 0.000000 0.785714 1.00
0.571429 0.071429 0.714286 1.00
0.642857 0.000000 0.714286 1.00
0.571429 0.000000 0.714286 -1.00
0.642857 0.071429 0.714286 -1.00
0.642857 0.000000 0.785714 -1.00
0.571429 0.071429 0.785714 -1.00
0.642857 0.071429 0.928571 1.00
0.571429 0.000000 0.928571 1.00
0.571429 0.071429 0.857143 1.00
0.642857 0.000000 0.857143 1.00
0.571429 0.000000 0.857143 -1.00
0.642857 0.071429 0.857143 -1.00
0.642857 0.000000 0.928571 -1.00
0.571429 0.071429 0.928571 -1.00
0.642857 0.214286 0.071429 1.00
0.571429 0.142857 0.071429 1.00
0.571429 0.214286 0.000000 1.00
0.642857 0.142857 0.000000 1.00
0.571429 0.142857 0.000000 -1.00
0.642857 0.214286 0.000000 -1.00
0.642857 0.142857 0.071429 -1.00
0.571429 0.214286 0.071429 -1.00
0.642857 0.214286 0.214286 1.00
0.571429 0.142857 0.214286 1.00
0.571429 0.214286 0.142857 1.00
0.642857 0.142857 0.142857 1.00
0.571429 0.142857 0.142857 -1.00
0.642857 0.214286 0.142857 -1.00
0.642857 0.142857 0.214286 -1.00
0.571429 0.214286 0.214286 -1.00
0.642857 0.214286 0.357143 1.00
0.571429 0.142857 0.357143 1.00
0.571429 0.214286 0.285714 1.00
0.642857 0.142857 0.285714 1.00
0.571429 0.142857 0.285714 -1.00
0.642857 0.214286 0.285714 -1.00
0.642857 0.142857 0.357143 -1.00
0.571429 0.214286 0.357143 -1.00
0.642857 0.214286 0.500000 1.00
0.571429 0.142857 0.500000 1.00
0.571429 0.214286 0.428571 1.00
0.642857 0.142857 0.428571 1.00
0.571429 0.142857 0.428571 -1.00
0.642857 0.214286 0.428571 -1.00
0.642857 0.142857 0.500000 -1.00
0.571429 0.214286 0.500000 -1.00
0.642857 0.214286 0.642857 1.00
0.571429 0.142857 0.642857 1.00
0.571429 0.214286 0.571429 1.00
0.642857 0.142857 0.571429 1.00
0.571429 0.142857 0.571429 -1.00
0.642857 0.214286 0.571429 -1.00
0.642857 0.142857 0.642857 -1.00
0.571429 0.214286 0.642857 -1.00
0.642857 0.214286 0.785714 1.00
0.571429 0.142857 0.785714 1.00
0.571429 0.214286 0.714286 1.00
0.642857 0.142857 0.714286 1.00
0.571429 0.142857 0.714286 -1.00
0.642857 0.214286 0.714286 -1.00
0.642857 0.142857 0.785714 -1.00
0.571429 0.214286 0.785714 -1.00
0.642857 0.214286 0.928571 1.00
0.571429 0.142857 0.928571 1.00
0.571429 0.214286 0.857143 1.00
0.642857 0.142857 0.857143 1.00
0.571429 0.142857 0.857143 -1.00
0.642857 0.214286 0.857143 -1.00
0.642857 0.142857 0.928571 -1.00
0.571429 0.214286 0.928571 -1.00
0.642857 0.357143 0.071429 1.00
0.571429 0.285714 0.071429 1.00
0.571429 0.357143 0.000000 1.00
0.642857 0.285714 0.000000 1.00
0.571429 0.285714 0.000000 -1.00
0.642857 0.357143 0.000000 -1.00
0.642857 0.285714 0.071429 -1.00
0.571429 0.357143 0.071429 -1.00
0.642857 0.357143 0.214286 1.00
0.571429 0.285714 0.214286 1.00
0.571429 0.357143 0.142857 1.00
0.642857 0.285714 0.142857 1.00
0.571429 0.285714 0.142857 -1.00
0.642857 0.357143 0.142857 -1.00
0.642857 0.285714 0.214286 -1.00
0.571429 0.357143 0.214286 -1.00
0.642857 0.357143 0.357143 1.00
0.571429 0.285714 0.357143 1.00
0.571429 0.357143 0.285714 1.00
0.642857 0.285714 0.285714 1.00
0.571429 0.285714 0.285714 -1.00
0.642857 0.357143 0.285714 -1.00
0.642857 0.285714 0.357143 -1.00
0.571429 0.357143 0.357143 -1.00
0.642857 0.357143 0.500000 1.00
0.571429 0.285714 0.500000 1.00
0.571429 0.357143 0.428571 1.00
0.642857 0.285714 0.428571 1.00
0.571429 0.285714 0.428571 -1.00
0.642857 0.357143 0.428571 -1.00
0.642857 0.285714 0.500000 -1.00
0.571429 0.357143 0.500000 -1.00
0.642857 0.357143 0.642857 1.00
0.571429 0.285714 0.642857 1.00
0.571429 0.357143 0.571429 1.00
0.642857 0.285714 0.571429 1.00
0.571429 0.285714 0.571429 -1.00
0.642857 0.357143 0.571429 -1.00
0.642857 0.285714 0.642857 -1.00
0.571429 0.357143 0.642857 -1.00
0.642857 0.357143 0.785714 1.00
0.571429 0.285714 0.785714 1.00
0.571429 0.357143 0.714286 1.00
0.642857 0.285714 0.714286 1.00
0.571429 0.285714 0.714286 -1.00
0.642857 0.357143 0.714286 -1.00
0.642857 0.285714 0.785714 -1.00
0.571429 0.357143 0.785714 -1.00
0.642857 0.357143 0.928571 1.00
0.571429 0.285714 0.928571 1.00
0.571429 0.357143 0.857143 1.00
0.642857 0.285714 0.857143 1.00
0.571429 0.285714 0.857143 -1.00
0.642857 0.357143 0.857143 -1.00
0.642857 0.285714 0.928571 -1.00
0.571429 0.357143 0.928571 -1.00
0.642857 0.500000 0.071429 1.00
0.571429 0.428571 0.071429 1.00
0.571429 0.500000 0.000000 1.00
0.642857 0.428571 0.000000 1.00
0.571429 0.428571 0.000000 -1.00
0.642857 0.500000 0.000000 -1.00
0.642857 0.428571 0.071429 -1.00
0.571429 0.500000 0.071429 -1.00
0.642857 0.500000 0.214286 1.00
0.571429 0.428571 0.214286 1.00
0.571429 0.500000 0.142857 1.00
0.642857 0.428571 0.142857 1.00
0.571429 0.428571 0.142857 -1.00
0.642857 0.500000 0.142857 -1.00
0.642857 0.428571 0.214286 -1.00
0.571429 0.500000 0.214286 -1.00
0.642857 0.500000 0.357143 1.00
0.571429 0.428571 0.357143 1.00
0.571429 0.500000 0.285714 1.00
0.642857 0.428571 0.285714 1.00
0.571429 0.428571 0.285714 -1.00
0.642857 0.500000 0.285714 -1.00
0.642857 0.428571 0.357143 -1.00
0.571429 0.500000 0.357143 -1.00
0.642857 0.500000 0.500000 1.00
0.571429 0.428571 0.500000 1.00
0.571429 0.500000 0.428571 1.00
0.642857 0.428571 0.428571 1.00
0.571429 0.428571 0.428571 -1.00
0.642857 0.500000 0.428571 -1.00
0.642857 0.428571 0.500000 -1.00
0.571429 0.500000 0.500000 -1.00
0.642857 0.500000 0.642857 1.00
0.571429 0.428571 0.642857 1.00
0.571429 0.500000 0.571429 1.00
0.642857 0.428571 0.571429 1.00
0.571429 0.428571 0.571429 -1.00
0.642857 0.500000 0.571429 -1.00
0.642857 0.428571 0.642857 -1.00
0.571429 0.500000 0.642857 -1.00
0.642857 0.500000 0.785714 1.00
0.571429 0.428571 0.785714 1.00
0.571429 0.500000 0.714286 1.00
0.642857 0.428571 0.714286 1.00
0.571429 0.428571 0.714286 -1.00
0.642857 0.500000 0.714286 -1.00
0.642857 0.428571 0.785714 -1.00
0.571429 0.500000 0.785714 -1.00
0.642857 0.500000 0.928571 1.00
0.571429 0.428571 0.928571 1.00
0.571429 0.500000 0.857143 1.00
0.642857 0.428571 0.857143 1.00
0.571429 0.428571 0.857143 -1.00
0.642857 0.500000 0.857143 -1.00
0.642857 0.428571 0.928571 -1.00
0.571429 0.500000 0.928571 -1.00
0.642857 0.642857 0.071429 1.00
0.571429 0.571429 0.071429 1.00
0.571429 0.642857 0.000000 1.00
0.642857 0.571429 0.000000 1.00
0.571429 0.571429 0.000000 -1.00
0.642857 0.642857 0.000000 -1.00
0.642857 0.571429 0.071429 -1.00
0.571429 0.642857 0.071429 -1.00
0.642857 0.642857 0.214286 1.00
0.571429 0.571429 0.214286 1.00
0.571429 0.642857 0.142857 1.00
0.642857 0.571429 0.142857 1.00
0.571429 0.571429 0.142857 -1.00
0.642857 0.642857 0.142857 -1.00
0.642857 0.571429 0.214286 -1.00
0.571429 0.642857 0.214286 -1.00
0.642857 0.642857 0.357143 1.00
0.571429 0.571429 0.357143 1.00
0.571429 0.642857 0.285714 1.00
0.642857 0.571429 0.285714 1.00
0.571429 0.571429 0.285714 -1.00
0.642857 0.642857 0.285714 -1.00
0.642857 0.571429 0.357143 -1.00
0.571429 0.642857 0.357143 -1.00
0.642857 0.642857 0.500000 1.00
0.571429 0.571429 0.500000 1.00
0.571429 0.642857 0.428571 1.00
0.642857 0.571429 0.428571 1.00
0.571429 0.571429 0.428571 -1.00
0.642857 0.642857 0.428571 -1.00
0.642857 0.571429 0.500000 -1.00
0.571429 0.642857 0.500000 -1.00
0.642857 0.642857 0.642857 1.00
0.571429 0.571429 0.642857 1.00
0.571429 0.642857 0.571429 1.00
0.642857 0.571429 0.571429 1.00
0.571429 0.571429 0.571429 -1.00
0.642857 0.642857 0.571429 -1.00
0.642857 0.571429 0.642857 -1.00
0.571429 0.642857 0.642857 -1.00
0.642857 0.642857 0.785714 1.00
0.571429 0.571429 0.785714 1.00
0.571429 0.642857 0.714286 1.00
0.642857 0.571429 0.714286 1.00
0.571429 0.571429 0.714286 -1.00
0.642857 0.642857 0.714286 -1.00
0.642857 0.571429 0.785714 -1.00
0.571429 0.642857 0.785714 -1.00
0.642857 0.642857 0.928571 1.00
0.571429 0.571429 0.928571 1.00
0.571429 0.642857 0.857143 1.00
0.642857 0.571429 0.857143 1.00
0.571429 0.571429 0.857143 -1.00
0.642857 0.642857 0.857143 -1.00
0.642857 0.571429 0.928571 -1.00
0.571429 0.642857 0.928571 -1.00
0.642857 0.785714 0.071429 1.00
0.571429 0.714286 0.071429 1.00
0.571429 0.785714 0.000000 1.00
0.642857 0.714286 0.000000 1.00
0.571429 0.714286 0.000000 -1.00
0.642857 0.785714 0.000000 -1.00
0.642857 0.714286 0.071429 -1.00
0.571429 0.785714 0.071429 -1.00
0.642857 0.785714 0.214286 1.00
0.571429 0.714286 0.214286 1.00
0.571429 0.785714 0.142857 1.00
0.642857 0.714286 0.142857 1.00
0.571429 0.714286 0.142857 -1.00
0.642857 0.785714 0.142857 -1.00
0.642857 0.714286 0.214286 -1.00
0.571429 0.785714 0.214286 -1.00
0.642857 0.785714 0.357143 1.00
0.571429 0.714286 0.357143 1.00
0.571429 0.785714 0.285714 1.00
0.642857 0.714286 0.285714 1.00
0.571429 0.714286 0.285714 -1.00
0.642857 0.785714 0.285714 -1.00
0.642857 0.714286 0.357143 -1.00
0.571429 0.785714 0.357143 -1.00
0.642857 0.785714 0.500000 1.00
0.571429 0.714286 0.500000 1.00
0.571429 0.785714 0.428571 1.00
0.642857 0.714286 0.428571 1.00
0.571429 0.714286 0.428571 -1.00
0.642857 0.785714 0.428571 -1.00
0.642857 0.714286 0.500000 -1.00
0.571429 0.785714 0.500000 -1.00
0.642857 0.785714 0.642857 1.00
0.571429 0.714286 0.642857 1.00
0.571429 0.785714 0.571429 1.00
0.642857 0.714286 0.571429 1.00
0.571429 0.714286 0.571429 -1.00
0.642857 0.785714 0.571429 -1.00
0.642857 0.714286 0.642857 -1.00
0.571429 0.785714 0.642857 -1.00
0.642857 0.785714 0.785714 1.00
0.571429 0.714286 0.785714 1.00
0.571429 0.785714 0.714286 1.00
0.642857 0.714286 0.714286 1.00
0.571429 0.714286 0.714286 -1.00
0.642857 0.785714 0.714286 -1.00
0.642857 0.714286 0.785714 -1.00
0.571429 0.785714 0.785714 -1.00
0.642857 0.785714 0.928571 1.00
0.571429 0.714286 0.928571 1.00
0.571429 0.785714 0.857143 1.00
0.642857 0.714286 0.857143 1.00
0.571429 0.714286 0.857143 -1.00
0.642857 0.785714 0.857143 -1.00
0.642857 0.714286 0.928571 -1.00
0.571429 0.785714 0.928571 -1.00
0.642857 0.928571 0.071429 1.00
0.571429 0.857143 0.071429 1.00
0.571429 0.928571 0.000000 1.00
0.642857 0.857143 0.000000 1.00
0.571429 0.857143 0.000000 -1.00
0.642857 0.928571 0.000000 -1.00
0.642857 0.857143 0.071429 -1.00
0.571429 0.928571 0.071429 -1.00
0.642857 0.928571 0.214286 1.00
0.571429 0.857143 0.214286 1.00
0.571429 0.928571 0.142857 1.00
0.642857 0.857143 0.142857 1.00
0.571429 0.857143 0.142857 -1.00
0.642857 0.928571 0.142857 -1.00
0.642857 0.857143 0.214286 -1.00
0.571429 0.928571 0.214286 -1.00
0.642857 0.928571 0.357143 1.00
0.571429 0.857143 0.357143 1.00
0.571429 0.928571 0.285714 1.00
0.642857 0.857143 0.285714 1.00
0.571429 0.857143 0.285714 -1.00
0.642857 0.928571 0.285714 -1.00
0.642857 0.857143 0.357143 -1.00
0.571429 0.928571 0.357143 -1.00
0.642857 0.928571 0.500000 1.00
0.571429 0.857143 0.500000 1.00
0.571429 0.928571 0.428571 1.00
0.642857 0.857143 0.428571 1.00
0.571429 0.857143 0.428571 -1.00
0.642857 0.928571 0.428571 -1.00
0.642857 0.857143 0.500000 -1.00
0.571429 0.928571 0.500000 -1.00
0.642857 0.928571 0.642857 1.00
0.571429 0.857143 0.642857 1.00
0.571429 0.928571 0.571429 1.00
0.642857 0.857143 0.571429 1.00
0.571429 0.857143 0.571429 -1.00
0.642857 0.928571 0.571429 -1.00
0.642857 0.857143 0.642857 -1.00
0.571429 0.928571 0.642857 -1.00
0.642857 0.928571 0.785714 1.00
0.571429 0.857143 0.785714 1.00
0.571429 0.928571 0.714286 1.00
0.642857 0.857143 0.714286 1.00
0.571429 0.857143 0.714286 -1.00
0.642857 0.928571 0.714286 -1.00
0.642857 0.857143 0.785714 -1.00
0.571429 0.928571 0.785714 -1.00
0.642857 0.928571 0.928571 1.00
0.571429 0.857143 0.928571 1.00
0.571429 0.928571 0.857143 1.00
0.642857 0.857143 0.857143 1.00
0.571429 0.857143 0.857143 -1.00
0.642857 0.928571 0.857143 -1.00
0.642857 0.857143 0.928571 -1.00
0.571429 0.928571 0.928571 -1.00
0.785714 0.071429 0.071429 1.00
0.714286 0.000000 0.071429 1.00
0.714286 0.071429 0.000000 1.00
0.785714 0.000000 0.000000 1.00
0.714286 0.000000 0.000000 -1.00
0.785714 0.071429 0.000000 -1.00
0.785714 0.000000 0.071429 -1.00
0.714286 0.071429 0.071429 -1.00
0.785714 0.071429 0.214286 1.00
0.714286 0.000000 0.214286 1.00
0.714286 0.071429 0.142857 1.00
0.785714 0.000000 0.142857 1.00
0.714286 0.000000 0.142857 -1.00
0.785714 0.071429 0.142857 -1.00
0.785714 0.000000 0.214286 -1.00
0.714286 0.071429 0.214286 -1.00
0.785714 0.071429 0.357143 1.00
0.714286 0.000000 0.357143 1.00
0.714286 0.071429 0.285714 1.00
0.785714 0.000000 0.285714 1.00
0.714286 0.000000 0.285714 -1.00
0.785714 0.071429 0.285714 -1.00
0.785714 0.000000 0.357143 -1.00
0.714286 0.071429 0.357143 -1.00
0.785714 0.071429 0.500000 1.00
0.714286 0.000000 0.500000 1.00
0.714286 0.071429 0.428571 1.00
0.785714 0.000000 0.428571 1.00
0.714286 0.000000 0.428571 -1.00
0.785714 0.071429 0.428571 -1.00
0.785714 0.000000 0.500000 -1.00
0.714286 0.071429 0.500000 -1.00
0.785714 0.071429 0.642857 1.00
0.714286 0.000000 0.642857 1.00
0.714286 0.071429 0.571429 1.00
0.785714 0.000000 0.571429 1.00
0.714286 0.000000 0.571429 -1.00
0.785714 0.071429 0.571429 -1.00
0.785714 0.000000 0.642857 -1.00
0.714286 0.071429 0.642857 -1.00
0.785714 0.071429 0.785714 1.00
0.714286 0.000000 0.785714 1.00
0.714286 0.071429 0.714286 1.00
0.785714 0.000000 0.714286 1.00
0.714286 0.000000 0.714286 -1.00
0.785714 0.071429 0.714286 -1.00
0.785714 0.000000 0.785714 -1.00
0.714286 0.071429 0.785714 -1.00
0.785714 0.071429 0.928571 1.00
0.714286 0.000000 0.928571 1.00
0.714286 0.071429 0.857143 1.00
0.785714 0.000000 0.857143 1.00
0.714286 0.000000 0.857143 -1.00
0.785714 0.071429 0.857143 -1.00
0.785714 0.000000 0.928571 -1.00
0.714286 0.071429 0.928571 -1.00
0.785714 0.214286 0.071429 1.00
0.714286 0.142857 0.071429 1.00
0.714286 0.214286 0.000000 1.00
0.785714 0.142857 0.000000 1.00
0.714286 0.142857 0.000000 -1.00
0.785714 0.214286 0.000000 -1.00
0.785714 0.142857 0.071429 -1.00
0.714286 0.214286 0.071429 -1.00
0.785714 0.214286 0.214286 1.00
0.714286 0.142857 0.214286 1.00
0.714286 0.214286 0.142857 1.00
0.785714 0.142857 0.142857 1.00
0.714286 0.142857 0.142857 -1.00
0.785714 0.214286 0.142857 -1.00
0.785714 0.142857 0.214286 -1.00
0.714286 0.214286 0.214286 -1.00
0.785714 0.214286 0.357143 1.00
0.714286 0.142857 0.357143 1.00
0.714286 0.214286 0.285714 1.00
0.785714 0.142857 0.285714 1.00
0.714286 0.142857 0.285714 -1.00
0.785714 0.214286 0.285714 -1.00
0.785714 0.142857 0.357143 -1.00
0.714286 0.214286 0.357143 -1.00
0.785714 0.214286 0.500000 1.00
0.714286 0.142857 0.500000 1.00
0.714286 0.214286 0.428571 1.00
0.785714 0.142857 0.428571 1.00
0.714286 0.142857 0.428571 -1.00
0.785714 0.214286 0.428571 -1.00
0.785714 0.142857 0.500000 -1.00
0.714286 0.214286 0.500000 -1.00
0.785714 0.214286 0.642857 1.00
0.714286 0.142857 0.642857 1.00
0.714286 0.214286 0.571429 1.00
0.785714 0.142857 0.571429 1.00
0.714286 0.142857 0.571429 -1.00
0.785714 0.214286 0.571429 -1.00
0.785714 0.142857 0.642857 -1.00
0.714286 0.214286 0.642857 -1.00
0.785714 0.214286 0.785714 1.00
0.714286 0.142857 0.785714 1.00
0.714286 0.214286 0.714286 1.00
0.785714 0.142857 0.714286 1.00
0.714286 0.142857 0.714286 -1.00
0.785714 0.214286 0.714286 -1.00
0.785714 0.142857 0.785714 -1.00
0.714286 0.214286 0.785714 -1.00
0.785714 0.214286 0.928571 1.00
0.714286 0.142857 0.928571 1.00
0.714286 0.214286 0.857143 1.00
0.785714 0.142857 0.857143 1.00
0.714286 0.142857 0.857143 -1.00
0.785714 0.214286 0.857143 -1.00
0.785714 0.142857 0.928571 -1.00
0.714286 0.214286 0.928571 -1.00
0.785714 0.357143 0.071429 1.00
0.714286 0.285714 0.071429 1.00
0.714286 0.357143 0.000000 1.00
0.785714 0.285714 0.000000 1.00
0.714286 0.285714 0.000000 -1.00
0.785714 0.357143 0.000000 -1.00
0.785714 0.285714 0.071429 -1.00
0.714286 0.357143 0.071429 -1.00
0.785714 0.357143 0.214286 1.00
0.714286 0.285714 0.214286 1.00
0.714286 0.357143 0.142857 1.00
0.785714 0.285714 0.142857 1.00
0.714286 0.285714 0.142857 -1.00
0.785714 0.357143 0.142857 -1.00
0.785714 0.285714 0.214286 -1.00
0.714286 0.357143 0.214286 -1.00
0.785714 0.357143 0.357143 1.00
0.714286 0.285714 0.357143 1.00
0.714286 0.357143 0.285714 1.00
0.785714 0.285714 0.285714 1.00
0.714286 0.285714 0.285714 -1.00
0.785714 0.357143 0.285714 -1.00
0.785714 0.285714 0.357143 -1.00
0.714286 0.357143 0.357143 -1.00
0.785714 0.357143 0.500000 1.00
0.714286 0.285714 0.500000 1.00
0.714286 0.357143 0.428571 1.00
0.785714 0.285714 0.428571 1.00
0.714286 0.285714 0.428571 -1.00
0.785714 0.357143 0.428571 -1.00
0.785714 0.285714 0.500000 -1.00
0.714286 0.357143 0.500000 -1.00
0.785714 0.357143 0.642857 1.00
0.714286 0.285714 0.642857 1.00
0.714286 0.357143 0.571429 1.00
0.785714 0.285714 0.571429 1.00
0.714286 0.285714 0.571429 -1.00
0.785714 0.357143 0.571429 -1.00
0.785714 0.285714 0.642857 -1.00
0.714286 0.357143 0.642857 -1.00
0.785714 0.357143 0.785714 1.00
0.714286 0.285714 0.785714 1.00
0.714286 0.357143 0.714286 1.00
0.785714 0.285714 0.714286 1.00
0.714286 0.285714 0.714286 -1.00
0.785714 0.357143 0.714286 -1.00
0.785714 0.285714 0.785714 -1.00
0.714286 0.357143 0.785714 -1.00
0.785714 0.357143 0.928571 1.00
0.714286 0.285714 0.928571 1.00
0.714286 0.357143 0.857143 1.00
0.785714 0.285714 0.857143 1.00
0.714286 0.285714 0.857143 -1.00
0.785714 0.357143 0.857143 -1.00
0.785714 0.285714 0.928571 -1.00
0.714286 0.357143 0.928571 -1.00
0.785714 0.500000 0.071429 1.00
0.714286 0.428571 0.071429 1.00
0.714286 0.500000 0.000000 1.00
0.785714 0.428571 0.000000 1.00
0.714286 0.428571 0.000000 -1.00
0.785714 0.500000 0.000000 -1.00
0.785714 0.428571 0.071429 -1.00
0.714286 0.500000 0.071429 -1.00
0.785714 0.500000 0.214286 1.00
0.714286 0.428571 0.214286 1.00
0.714286 0.500000 0.142857 1.00
0.785714 0.428571 0.142857 1.00
0.714286 0.428571 0.142857 -1.00
0.785714 0.500000 0.142857 -1.00
0.785714 0.428571 0.214286 -1.00
0.714286 0.500000 0.214286 -1.00
0.785714 0.500000 0.357143 1.00
0.714286 0.428571 0.357143 1.00
0.714286 0.500000 0.285714 1.00
0.785714 0.428571 0.285714 1.00
0.714286 0.428571 0.285714 -1.00
0.785714 0.500000 0.285714 -1.00
0.785714 0.428571 0.357143 -1.00
0.714286 0.500000 0.357143 -1.00
0.785714 0.500000 0.500000 1.00
0.714286 0.428571 0.500000 1.00
0.714286 0.500000 0.428571 1.00
0.785714 0.428571 0.428571 1.00
0.714286 0.428571 0.428571 -1.00
0.785714 0.500000 0.428571 -1.00
0.785714 0.428571 0.500000 -1.00
0.714286 0.500000 0.500000 -1.00
0.785714 0.500000 0.642857 1.00
0.714286 0.428571 0.642857 1.00
0.714286 0.500000 0.571429 1.00
0.785714 0.428571 0.571429 1.00
0.714286 0.428571 0.571429 -1.00
0.785714 0.500000 0.571429 -1.00
0.785714 0.428571 0.642857 -1.00
0.714286 0.500000 0.642857 -1.00
0.785714 0.500000 0.785714 1.00
0.714286 0.428571 0.785714 1.00
0.714286 0.500000 0.714286 1.00
0.785714 0.428571 0.714286 1.00
0.714286 0.428571 0.714286 -1.00
0.785714 0.500000 0.714286 -1.00
0.785714 0.428571 0.785714 -1.00
0.714286 0.500000 0.785714 -1.00
0.785714 0.500000 0.928571 1.00
0.714286 0.428571 0.928571 1.00
0.714286 0.500000 0.857143 1.00
0.785714 0.428571 0.857143 1.00
0.714286 0.428571 0.857143 -1.00
0.785714 0.500000 0.857143 -1.00
0.785714 0.428571 0.928571 -1.00
0.714286 0.500000 0.928571 -1.00
0.785714 0.642857 0.071429 1.00
0.714286 0.571429 0.071429 1.00
0.714286 0.642857 0.000000 1.00
0.785714 0.571429 0.000000 1.00
0.714286 0.571429 0.000000 -1.00
0.785714 0.642857 0.000000 -1.00
0.785714 0.571429 0.071429 -1.00
0.714286 0.642857 0.071429 -1.00
0.785714 0.642857 0.214286 1.00
0.714286 0.571429 0.214286 1.00
0.714286 0.642857 0.142857 1.00
0.785714 0.571429 0.142857 1.00
0.714286 0.571429 0.142857 -1.00
0.785714 0.642857 0.142857 -1.00
0.785714 0.571429 0.214286 -1.00
0.714286 0.642857 0.214286 -1.00
0.785714 0.642857 0.357143 1.00
0.714286 0.571429 0.357143 1.00
0.714286 0.642857 0.285714 1.00
0.785714 0.571429 0.285714 1.00
0.714286 0.571429 0.285714 -1.00
0.785714 0.642857 0.285714 -1.00
0.785714 0.571429 0.357143 -1.00
0.714286 0.642857 0.357143 -1.00
0.785714 0.642857 0.500000 1.00
0.714286 0.571429 0.500000 1.00
0.714286 0.642857 0.428571 1.00
0.785714 0.571429 0.428571 1.00
0.714286 0.571429 0.428571 -1.00
0.785714 0.642857 0.428571 -1.00
0.785714 0.571429 0.500000 -1.00
0.714286 0.642857 0.500000 -1.00
0.785714 0.642857 0.642857 1.00
0.714286 0.571429 0.642857 1.00
0.714286 0.642857 0.571429 1.00
0.785714 0.571429 0.571429 1.00
0.714286 0.571429 0.571429 -1.00
0.785714 0.642857 0.571429 -1.00
0.785714 0.571429 0.642857 -1.00
0.714286 0.642857 0.642857 -1.00
0.785714 0.642857 0.785714 1.00
0.714286 0.571429 0.785714 1.00
0.714286 0.642857 0.714286 1.00
0.785714 0.571429 0.714286 1.00
0.714286 0.571429 0.714286 -1.00
0.785714 0.642857 0.714286 -1.00
0.785714 0.571429 0.785714 -1.00
0.714286 0.642857 0.785714 -1.00
0.785714 0.642857 0.928571 1.00
0.714286 0.571429 0.928571 1.00
0.714286 0.642857 0.857143 1.00
0.785714 0.571429 0.857143 1.00
0.714286 0.571429 0.857143 -1.00
0.785714 0.642857 0.857143 -1.00
0.785714 0.571429 0.928571 -1.00
0.714286 0.642857 0.928571 -1.00
0.785714 0.785714 0.071429 1.00
0.714286 0.714286 0.071429 1.00
0.714286 0.785714 0.000000 1.00
0.785714 0.714286 0.000000 1.00
0.714286 0.714286 0.000000 -1.00
0.785714 0.785714 0.000000 -1.00
0.785714 0.714286 0.071429 -1.00
0.714286 0.785714 0.071429 -1.00
0.785714 0.785714 0.214286 1.00
0.714286 0.714286 0.214286 1.00
0.714286 0.785714 0.142857 1.00
0.785714 0.714286 0.142857 1.00
0.714286 0.714286 0.142857 -1.00
0.785714 0.785714 0.142857 -1.00
0.785714 0.714286 0.214286 -1.00
0.714286 0.785714 0.214286 -1.00
0.785714 0.785714 0.357143 1.00
0.714286 0.714286 0.357143 1.00
0.714286 0.785714 0.285714 1.00
0.785714 0.714286 0.285714 1.00
0.714286 0.714286 0.285714 -1.00
0.785714 0.785714 0.285714 -1.00
0.785714 0.714286 0.357143 -1.00
0.714286 0.785714 0.357143 -1.00
0.785714 0.785714 0.500000 1.00
0.714286 0.714286 0.500000 1.00
0.714286 0.785714 0.428571 1.00
0.785714 0.714286 0.428571 1.00
0.714286 0.714286 0.428571 -1.00
0.785714 0.785714 0.428571 -1.00
0.785714 0.714286 0.500000 -1.00
0.714286 0.785714 0.500000 -1.00
0.785714 0.785714 0.642857 1.00
0.714286 0.714286 0.642857 1.00
0.714286 0.785714 0.571429 1.00
0.785714 0.714286 0.571429 1.00
0.714286 0.714286 0.571429 -1.00
0.785714 0.785714 0.571429 -1.00
0.785714 0.714286 0.642857 -1.00
0.714286 0.785714 0.642857 -1.00
0.785714 0.785714 0.785714 1.00
0.714286 0.714286 0.785714 1.00
0.714286 0.785714 0.714286 1.00
0.785714 0.714286 0.714286 1.00
0.714286 0.714286 0.714286 -1.00
0.785714 0.785714 0.714286 -1.00
0.785714 0.714286 0.785714 -1.00
0.714286 0.785714 0.785714 -1.00
0.785714 0.785714 0.928571 1.00
0.714286 0.714286 0.928571 1.00
0.714286 0.785714 0.857143 1.00
0.785714 0.714286 0.857143 1.00
0.714286 0.714286 0.857143 -1.00
0.785714 0.785714 0.857143 -1.00
0.785714 0.714286 0.928571 -1.00
0.714286 0.785714 0.928571 -1.00
0.785714 0.928571 0.071429 1.00
0.714286 0.857143 0.071429 1.00
0.714286 0.928571 0.000000 1.00
0.785714 0.857143 0.000000 1.00
0.714286 0.857143 0.000000 -1.00
0.785714 0.928571 0.000000 -1.00
0.785714 0.857143 0.071429 -1.00
0.714286 0.928571 0.071429 -1.00
0.785714 0.928571 0.214286 1.00
0.714286 0.857143 0.214286 1.00
0.714286 0.928571 0.142857 1.00
0.785714 0.857143 0.142857 1.00
0.714286 0.857143 0.142857 -1.00
0.785714 0.928571 0.142857 -1.00
0.785714 0.857143 0.214286 -1.00
0.714286 0.928571 0.214286 -1.00
0.785714 0.928571 0.357143 1.00
0.714286 0.857143 0.357143 1.00
0.714286 0.928571 0.285714 1.00
0.785714 0.857143 0.285714 1.00
0.714286 0.857143 0.285714 -1.00
0.785714 0.928571 0.285714 -1.00
0.785714 0.857143 0.357143 -1.00
0.714286 0.928571 0.357143 -1.00
0.785714 0.928571 0.500000 1.00
0.714286 0.857143 0.500000 1.00
0.714286 0.928571 0.428571 1.00
0.785714 0.857143 0.428571 1.00
0.714286 0.857143 0.428571 -1.00
0.785714 0.928571 0.428571 -1.00
0.785714 0.857143 0.500000 -1.00
0.714286 0.928571 0.500000 -1.00
0.785714 0.928571 0.642857 1.00
0.714286 0.857143 0.642857 1.00
0.714286 0.928571 0.571429 1.00
0.785714 0.857143 0.571429 1.00
0.714286 0.857143 0.571429 -1.00
0.785714 0.928571 0.571429 -1.00
0.785714 0.857143 0.642857 -1.00
0.714286 0.928571 0.642857 -1.00
0.785714 0.928571 0.785714 1.00
0.714286 0.857143 0.785714 1.00
0.714286 0.928571 0.714286 1.00
0.785714 0.857143 0.714286 1.00
0.714286 0.857143 0.714286 -1.00
0.785714 0.928571 0.714286 -1.00
0.785714 0.857143 0.785714 -1.00
0.714286 0.928571 0.785714 -1.00
0.785714 0.928571 0.928571 1.00
0.714286 0.857143 0.928571 1.00
0.714286 0.928571 0.857143 1.00
0.785714 0.857143 0.857143 1.00
0.714286 0.857143 0.857143 -1.00
0.785714 0.928571 0.857143 -1.00
0.785714 0.857143 0.928571 -1.00
0.714286 0.928571 0.928571 -1.00
0.928571 0.071429 0.071429 1.00
0.857143 0.000000 0.071429 1.00
0.857143 0.071429 0.000000 1.00
0.928571 0.000000 0.000000 1.00
0.857143 0.000000 0.000000 -1.00
0.928571 0.071429 0.000000 -1.00
0.928571 0.000000 0.071429 -1.00
0.857143 0.071429 0.071429 -1.00
0.928571 0.071429 0.214286 1.00
0.857143 0.000000 0.214286 1.00
0.857143 0.071429 0.142857 1.00
0.928571 0.000000 0.142857 1.00
0.857143 0.000000 0.142857 -1.00
0.928571 0.071429 0.142857 -1.00
0.928571 0.000000 0.214286 -1.00
0.857143 0.071429 0.214286 -1.00
0.928571 0.071429 0.357143 1.00
0.857143 0.000000 0.357143 1.00
0.857143 0.071429 0.285714 1.00
0.928571 0.000000 0.285714 1.00
0.857143 0.000000 0.285714 -1.00
0.928571 0.071429 0.285714 -1.00
0.928571 0.000000 0.357143 -1.00
0.857143 0.071429 0.357143 -1.00
0.928571 0.071429 0.500000 1.00
0.857143 0.000000 0.500000 1.00
0.857143 0.071429 0.428571 1.00
0.928571 0.000000 0.428571 1.00
0.857143 0.000000 0.428571 -1.00
0.928571 0.071429 0.428571 -1.00
0.928571 0.000000 0.500000 -1.00
0.857143 0.071429 0.500000 -1.00
0.928571 0.071429 0.642857 1.00
0.857143 0.000000 0.642857 1.00
0.857143 0.071429 0.571429 1.00
0.928571 0.000000 0.571429 1.00
0.857143 0.000000 0.571429 -1.00
0.928571 0.071429 0.571429 -1.00
0.928571 0.000000 0.642857 -1.00
0.857143 0.071429 0.642857 -1.00
0.928571 0.071429 0.785714 1.00
0.857143 0.000000 0.785714 1.00
0.857143 0.071429 0.714286 1.00
0.928571 0.000000 0.714286 1.00
0.857143 0.000000 0.714286 -1.00
0.928571 0.071429 0.714286 -1.00
0.928571 0.000000 0.785714 -1.00
0.857143 0.071429 0.785714 -1.00
0.928571 0.071429 0.928571 1.00
0.857143 0.000000 0.928571 1.00
0.857143 0.071429 0.857143 1.00
0.928571 0.000000 0.857143 1.00
0.857143 0.000000 0.857143 -1.00
0.928571 0.071429 0.857143 -1.00
0.928571 0.000000 0.928571 -1.00
0.857143 0.071429 0.928571 -1.00
0.928571 0.214286 0.071429 1.00
0.857143 0.142857 0.071429 1.00
0.857143 0.214286 0.000000 1.00
0.928571 0.142857 0.000000 1.00
0.857143 0.142857 0.000000 -1.00
0.928571 0.214286 0.000000 -1.00
0.928571 0.142857 0.071429 -1.00
0.857143 0.214286 0.071429 -1.00
0.928571 0.214286 0.214286 1.00
0.857143 0.142857 0.214286 1.00
0.857143 0.214286 0.142857 1.00
0.928571 0.142857 0.142857 1.00
0.857143 0.142857 0.142857 -1.00
0.928571 0.214286 0.142857 -1.00
0.928571 0.142857 0.214286 -1.00
0.857143 0.214286 0.214286 -1.00
0.928571 0.214286 0.357143 1.00
0.857143 0.142857 0.357143 1.00
0.857143 0.214286 0.285714 1.00
0.928571 0.142857 0.285714 1.00
0.857143 0.142857 0.285714 -1.00
0.928571 0.214286 0.285714 -1.00
0.928571 0.142857 0.357143 -1.00
0.857143 0.214286 0.357143 -1.00
0.928571 0.214286 0.500000 1.00
0.857143 0.142857 0.500000 1.00
0.857143 0.214286 0.428571 1.00
0.928571 0.142857 0.428571 1.00
0.857143 0.142857 0.428571 -1.00
0.928571 0.214286 0.428571 -1.00
0.928571 0.142857 0.500000 -1.00
0.857143 0.214286 0.500000 -1.00
0.928571 0.214286 0.642857 1.00
0.857143 0.142857 0.642857 1.00
0.857143 0.214286 0.571429 1.00
0.928571 0.142857 0.571429 1.00
0.857143 0.142857 0.571429 -1.00
0.928571 0.214286 0.571429 -1.00
0.928571 0.142857 0.642857 -1.00
0.857143 0.214286 0.642857 -1.00
0.928571 0.214286 0.785714 1.00
0.857143 0.142857 0.785714 1.00
0.857143 0.214286 0.714286 1.00
0.928571 0.142857 0.714286 1.00
0.857143 0.142857 0.714286 -1.00
0.928571 0.214286 0.714286 -1.00
0.928571 0.142857 0.785714 -1.00
0.857143 0.214286 0.785714 -1.00
0.928571 0.214286 0.928571 1.00
0.857143 0.142857 0.928571 1.00
0.857143 0.214286 0.857143 1.00
0.928571 0.142857 0.857143 1.00
0.857143 0.142857 0.857143 -1.00
0.928571 0.214286 0.857143 -1.00
0.928571 0.142857 0.928571 -1.00
0.857143 0.214286 0.928571 -1.00
0.928571 0.357143 0.071429 1.00
0.857143 0.285714 0.071429 1.00
0.857143 0.357143 0.000000 1.00
0.928571 0.285714 0.000000 1.00
0.857143 0.285714 0.000000 -1.00
0.928571 0.357143 0.000000 -1.00
0.928571 0.285714 0.071429 -1.00
0.857143 0.357143 0.071429 -1.00
0.928571 0.357143 0.214286 1.00
0.857143 0.285714 0.214286 1.00
0.857143 0.357143 0.142857 1.00
0.928571 0.285714 0.142857 1.00
0.857143 0.285714 0.142857 -1.00
0.928571 0.357143 0.142857 -1.00
0.928571 0.285714 0.214286 -1.00
0.857143 0.357143 0.214286 -1.00
0.928571 0.357143 0.357143 1.00
0.857143 0.285714 0.357143 1.00
0.857143 0.357143 0.285714 1.00
0.928571 0.285714 0.285714 1.00
0.857143 0.285714 0.285714 -1.00
0.928571 0.357143 0.285714 -1.00
0.928571 0.285714 0.357143 -1.00
0.857143 0.357143 0.357143 -1.00
0.928571 0.357143 0.500000 1.00
0.857143 0.285714 0.500000 1.00
0.857143 0.357143 0.428571 1.00
0.928571 0.285714 0.428571 1.00
0.857143 0.285714 0.428571 -1.00
0.928571 0.357143 0.428571 -1.00
0.928571 0.285714 0.500000 -1.00
0.857143 0.357143 0.500000 -1.00
0.928571 0.357143 0.642857 1.00
0.857143 0.285714 0.642857 1.00
0.857143 0.357143 0.571429 1.00
0.928571 0.285714 0.571429 1.00
0.857143 0.285714 0.571429 -1.00
0.928571 0.357143 0.571429 -1.00
0.928571 0.285714 0.642857 -1.00
0.857143 0.357143 0.642857 -1.00
0.928571 0.357143 0.785714 1.00
0.857143 0.285714 0.785714 1.00
0.857143 0.357143 0.714286 1.00
0.928571 0.285714 0.714286 1.00
0.857143 0.285714 0.714286 -1.00
0.928571 0.357143 0.714286 -1.00
0.928571 0.285714 0.785714 -1.00
0.857143 0.357143 0.785714 -1.00
0.928571 0.357143 0.928571 1.00
0.857143 0.285714 0.928571 1.00
0.857143 0.357143 0.857143 1.00
0.928571 0.285714 0.857143 1.00
0.857143 0.285714 0.857143 -1.00
0.928571 0.357143 0.857143 -1.00
0.928571 0.285714 0.928571 -1.00
0.857143 0.357143 0.928571 -1.00
0.928571 0.500000 0.071429 1.00
0.857143 0.428571 0.071429 1.00
0.857143 0.500000 0.000000 1.00
0.928571 0.428571 0.000000 1.00
0.857143 0.428571 0.000000 -1.00
0.928571 0.500000 0.000000 -1.00
0.928571 0.428571 0.071429 -1.00
0.857143 0.500000 0.071429 -1.00
0.928571 0.500000 0.214286 1.00
0.857143 0.428571 0.214286 1.00
0.857143 0.500000 0.142857 1.00
0.928571 0.428571 0.142857 1.00
0.857143 0.428571 0.142857 -1.00
0.928571 0.500000 0.142857 -1.00
0.928571 0.428571 0.214286 -1.00
0.857143 0.500000 0.214286 -1.00
0.928571 0.500000 0.357143 1.00
0.857143 0.428571 0.357143 1.00
0.857143 0.500000 0.285714 1.00
0.928571 0.428571 0.285714 1.00
0.857143 0.428571 0.285714 -1.00
0.928571 0.500000 0.285714 -1.00
0.928571 0.428571 0.357143 -1.00
0.857143 0.500000 0.357143 -1.00
0.928571 0.500000 0.500000 1.00
0.857143 0.428571 0.500000 1.00
0.857143 0.500000 0.428571 1.00
0.928571 0.428571 0.428571 1.00
0.857143 0.428571 0.428571 -1.00
0.928571 0.500000 0.428571 -1.00
0.928571 0.428571 0.500000 -1.00
0.857143 0.500000 0.500000 -1.00
0.928571 0.500000 0.642857 1.00
0.857143 0.428571 0.642857 1.00
0.857143 0.500000 0.571429 1.00
0.928571 0.428571 0.571429 1.00
0.857143 0.428571 0.571429 -1.00
0.928571 0.500000 0.571429 -1.00
0.928571 0.428571 0.642857 -1.00
0.857143 0.500000 0.642857 -1.00
0.928571 0.500000 0.785714 1.00
0.857143 0.428571 0.785714 1.00
0.857143 0.500000 0.714286 1.00
0.928571 0.428571 0.714286 1.00
0.857143 0.428571 0.714286 -1.00
0.928571 0.500000 0.714286 -1.00
0.928571 0.428571 0.785714 -1.00
0.857143 0.500000 0.785714 -1.00
0.928571 0.500000 0.928571 1.00
0.857143 0.428571 0.928571 1.00
0.857143 0.500000 0.857143 1.00
0.928571 0.428571 0.857143 1.00
0.857143 0.428571 0.857143 -1.00
0.928571 0.500000 0.857143 -1.00
0.928571 0.428571 0.928571 -1.00
0.857143 0.500000 0.928571 -1.00
0.928571 0.642857 0.071429 1.00
0.857143 0.571429 0.071429 1.00
0.857143 0.642857 0.000000 1.00
0.928571 0.571429 0.000000 1.00
0.857143 0.571429 0.000000 -1.00
0.928571 0.642857 0.000000 -1.00
0.928571 0.571429 0.071429 -1.00
0.857143 0.642857 0.071429 -1.00
0.928571 0.642857 0.214286 1.00
0.857143 0.571429 0.214286 1.00
0.857143 0.642857 0.142857 1.00
0.928571 0.571429 0.142857 1.00
0.857143 0.571429 0.142857 -1.00
0.928571 0.642857 0.142857 -1.00
0.928571 0.571429 0.214286 -1.00
0.857143 0.642857 0.214286 -1.00
0.928571 0.642857 0.357143 1.00
0.857143 0.571429 0.357143 1.00
0.857143 0.642857 0.285714 1.00
0.928571 0.571429 0.285714 1.00
0.857143 0.571429 0.285714 -1.00
0.928571 0.642857 0.285714 -1.00
0.928571 0.571429 0.357143 -1.00
0.857143 0.642857 0.357143 -1.00
0.928571 0.642857 0.500000 1.00
0.857143 0.571429 0.500000 1.00
0.857143 0.642857 0.428571 1.00
0.928571 0.571429 0.428571 1.00
0.857143 0.571429 0.428571 -1.00
0.928571 0.642857 0.428571 -1.00
0.928571 0.571429 0.500000 -1.00
0.857143 0.642857 0.500000 -1.00
0.928571 0.642857 0.642857 1.00
0.857143 0.571429 0.642857 1.00
0.857143 0.642857 0.571429 1.00
0.928571 0.571429 0.571429 1.00
0.857143 0.571429 0.571429 -1.00
0.928571 0.642857 0.571429 -1.00
0.928571 0.571429 0.642857 -1.00
0.857143 0.642857 0.642857 -1.00
0.928571 0.642857 0.785714 1.00
0.857143 0.571429 0.785714 1.00
0.857143 0.642857 0.714286 1.00
0.928571 0.571429 0.714286 1.00
0.857143 0.571429 0.714286 -1.00
0.928571 0.642857 0.714286 -1.00
0.928571 0.571429 0.785714 -1.00
0.857143 0.642857 0.785714 -1.00
0.928571 0.642857 0.928571 1.00
0.857143 0.571429 0.928571 1.00
0.857143 0.642857 0.857143 1.00
0.928571 0.571429 0.857143 1.00
0.857143 0.571429 0.857143 -1.00
0.928571 0.642857 0.857143 -1.00
0.928571 0.571429 0.928571 -1.00
0.857143 0.642857 0.928571 -1.00
0.928571 0.785714 0.071429 1.00
0.857143 0.714286 0.071429 1.00
0.857143 0.785714 0.000000 1.00
0.928571 0.714286 0.000000 1.00
0.857143 0.714286 0.000000 -1.00
0.928571 0.785714 0.000000 -1.00
0.928571 0.714286 0.071429 -1.00
0.857143 0.785714 0.071429 -1.00
0.928571 0.785714 0.214286 1.00
0.857143 0.714286 0.214286 1.00
0.857143 0.785714 0.142857 1.00
0.928571 0.714286 0.142857 1.00
0.857143 0.714286 0.142857 -1.00
0.928571 0.785714 0.142857 -1.00
0.928571 0.714286 0.214286 -1.00
0.857143 0.785714 0.214286 -1.00
0.928571 0.785714 0.357143 1.00
0.857143 0.714286 0.357143 1.00
0.857143 0.785714 0.285714 1.00
0.928571 0.714286 0.285714 1.00
0.857143 0.714286 0.285714 -1.00
0.928571 0.785714 0.285714 -1.00
0.928571 0.714286 0.357143 -1.00
0.857143 0.785714 0.357143 -1.00
0.928571 0.785714 0.500000 1.00
0.857143 0.714286 0.500000 1.00
0.857143 0.785714 0.428571 1.00
0.928571 0.714286 0.428571 1.00
0.857143 0.714286 0.428571 -1.00
0.928571 0.785714 0.428571 -1.00
0.928571 0.714286 0.500000 -1.00
0.857143 0.785714 0.500000 -1.00
0.928571 0.785714 0.642857 1.00
0.857143 0.714286 0.642857 1.00
0.857143 0.785714 0.571429 1.00
0.928571 0.714286 0.571429 1.00
0.857143 0.714286 0.571429 -1.00
0.928571 0.785714 0.571429 -1.00
0.928571 0.714286 0.642857 -1.00
0.857143 0.785714 0.642857 -1.00
0.928571 0.785714 0.785714 1.00
0.857143 0.714286 0.785714 1.00
0.857143 0.785714 0.714286 1.00
0.928571 0.714286 0.714286 1.00
0.857143 0.714286 0.714286 -1.00
0.928571 0.785714 0.714286 -1.00
0.928571 0.714286 0.785714 -1.00
0.857143 0.785714 0.785714 -1.00
0.928571 0.785714 0.928571 1.00
0.857143 0.714286 0.928571 1.00
0.857143 0.785714 0.857143 1.00
0.928571 0.714286 0.857143 1.00
0.857143 0.714286 0.857143 -1.00
0.928571 0.785714 0.857143 -1.00
0.928571 0.714286 0.928571 -1.00
0.857143 0.785714 0.928571 -1.00
0.928571 0.928571 0.071429 1.00
0.857143 0.857143 0.071429 1.00
0.857143 0.928571 0.000000 1.00
0.928571 0.857143 0.000000 1.00
0.857143 0.857143 0.000000 -1.00
0.928571 0.928571 0.000000 -1.00
0.928571 0.857143 0.071429 -1.00
0.857143 0.928571 0.071429 -1.00
0.928571 0.928571 0.214286 1.00
0.857143 0.857143 0.214286 1.00
0.857143 0.928571 0.142857 1.00
0.928571 0.857143 0.142857 1.00
0.857143 0.857143 0.142857 -1.00
0.928571 0.928571 0.142857 -1.00
0.928571 0.857143 0.214286 -1.00
0.857143 0.928571 0.214286 -1.00
0.928571 0.928571 0.357143 1.00
0.857143 0.857143 0.357143 1.00
0.857143 0.928571 0.285714 1.00
0.928571 0.857143 0.285714 1.00
0.857143 0.857143 0.285714 -1.00
0.928571 0.928571 0.285714 -1.00
0.928571 0.857143 0.357143 -1.00
0.857143 0.928571 0.357143 -1.00
0.928571 0.928571 0.500000 1.00
0.857143 0.857143 0.500000 1.00
0.857143 0.928571 0.428571 1.00
0.928571 0.857143 0.428571 1.00
0.857143 0.857143 0.428571 -1.00
0.928571 0.928571 0.428571 -1.00
0.928571 0.857143 0.500000 -1.00
0.857143 0.928571 0.500000 -1.00
0.928571 0.928571 0.642857 1.00
0.857143 0.857143 0.642857 1.00
0.857143 0.928571 0.571429 1.00
0.928571 0.857143 0.571429 1.00
0.857143 0.857143 0.571429 -1.00
0.928571 0.928571 0.571429 -1.00
0.928571 0.857143 0.642857 -1.00
0.857143 0.928571 0.642857 -1.00
0.928571 0.928571 0.785714 1.00
0.857143 0.857143 0.785714 1.00
0.857143 0.928571 0.714286 1.00
0.928571 0.857143 0.714286 1.00
0.857143 0.857143 0.714286 -1.00
0.928571 0.928571 0.714286 -1.00
0.928571 0.857143 0.785714 -1.00
0.857143 0.928571 0.785714 -1.00
0.928571 0.928571 0.928571 1.00
0.857143 0.857143 0.928571 1.00
0.857143 0.928571 0.857143 1.00
0.928571 0.857143 0.857143 1.00
0.857143 0.857143 0.857143 -1.00
0.928571 0.928571 0.857143 -1.00
0.928571 0.857143 0.928571 -1.00
0.857143 0.928571 0.928571 -1.00
DIST 0 0
0.75 8 0 0
END
EOF

tmpinp=temporary7.inp
tmpout=temporary7.out

# cleanup
[ -f $datafile ] && rm -v $datafile

steps=$(seq $start_distance $step $last_distance | wc -l)
printf "Scanning from %.3f %.3f in %d steps\n" \
   $start_distance $last_distance $steps

for distance in $(seq $start_distance $step $last_distance | sed s/,/./)
do
   # generate the input file
   echo "$input" | sed s/DIST/$distance/ > $tmpinp
   # perform the actual calculation on the input file
   2>&1 $program $tmpinp > $tmpout
   # get the energy from the program output
   energy=$(grep "$pattern1" $tmpout | awk '{printf "%.15f\n",$(NF)}' | tail -1)
   CPU=$(grep "$pattern2" $tmpout | awk '{printf "%.3f\n",$5}' | tail -1)
   # if there is no energy to be found, we complain
   if [ -z "$energy" ]
      then
         1>&2 printf "ERROR!\n"
         1>&2 printf "'%s' cannot be found in '%s' output\n" "$pattern" "$program"
         1>&2 printf "please inspect '%s' and '%s'\n" "$tmpinp" "$tmpout"
         exit 1
   fi
   # otherwise we write to the logfile
   #printf "Current energy is %.15f Hartree for grid size. %.2f. CPU_TIME= %.2f \n" \
   #   $energy $distance $CPU
   printf "%15.3f %20.15f %25.3f\n" $distance $energy $CPU >> $datafile
done

# cleanup
[ -f $tmpinp ] && rm $tmpinp
[ -f $tmpout ] && rm $tmpout

